#DeepConCNF_SS8: eight-class secondary structure prediction results 
#probabilities are in the order of H G I E B T S L(loops), the 8 secondary structure types used in DSSP 
   1 M L   0.000 0.000 0.000 0.000 0.000 0.000 0.000 0.999 
   2 A L   0.001 0.001 0.000 0.002 0.002 0.003 0.000 0.991 
   3 E L   0.001 0.003 0.000 0.003 0.003 0.009 0.014 0.967 
   4 I L   0.001 0.005 0.000 0.003 0.002 0.011 0.023 0.954 
   5 G L   0.001 0.004 0.000 0.002 0.001 0.017 0.025 0.951 
   6 T L   0.000 0.003 0.000 0.002 0.003 0.024 0.075 0.894 
   7 G L   0.000 0.003 0.000 0.012 0.012 0.016 0.100 0.857 
   8 F L   0.000 0.003 0.000 0.032 0.024 0.008 0.096 0.836 
   9 P L   0.000 0.002 0.000 0.061 0.015 0.007 0.173 0.741 
  10 F L   0.001 0.001 0.000 0.167 0.073 0.009 0.048 0.702 
  11 D L   0.000 0.001 0.000 0.178 0.008 0.004 0.026 0.782 
  12 P L   0.000 0.001 0.000 0.277 0.002 0.002 0.024 0.694 
  13 H E   0.000 0.000 0.000 0.961 0.004 0.001 0.007 0.027 
  14 Y E   0.000 0.000 0.000 0.984 0.000 0.000 0.001 0.014 
  15 V E   0.000 0.000 0.000 0.995 0.000 0.000 0.000 0.005 
  16 E E   0.000 0.000 0.000 0.996 0.000 0.000 0.000 0.004 
  17 V E   0.000 0.000 0.000 0.974 0.002 0.002 0.004 0.018 
  18 L T   0.001 0.004 0.000 0.009 0.000 0.938 0.032 0.015 
  19 G T   0.000 0.003 0.000 0.003 0.000 0.943 0.037 0.014 
  20 E E   0.001 0.001 0.000 0.911 0.008 0.020 0.025 0.033 
  21 R E   0.000 0.000 0.000 0.985 0.001 0.001 0.001 0.012 
  22 M E   0.000 0.000 0.000 0.996 0.000 0.000 0.001 0.003 
  23 H E   0.000 0.000 0.000 0.998 0.000 0.000 0.000 0.002 
  24 Y E   0.000 0.000 0.000 0.997 0.000 0.000 0.001 0.002 
  25 V E   0.000 0.000 0.000 0.993 0.000 0.000 0.001 0.005 
  26 D E   0.000 0.000 0.000 0.994 0.001 0.001 0.002 0.002 
  27 V E   0.000 0.001 0.000 0.848 0.005 0.005 0.012 0.129 
  28 G S   0.000 0.001 0.000 0.058 0.002 0.005 0.468 0.466 
  29 P L   0.000 0.004 0.000 0.013 0.017 0.027 0.164 0.773 
  30 R T   0.002 0.013 0.000 0.001 0.004 0.754 0.184 0.042 
  31 D T   0.001 0.007 0.000 0.002 0.001 0.767 0.193 0.029 
  32 G S   0.000 0.004 0.000 0.037 0.007 0.008 0.826 0.118 
  33 T L   0.000 0.001 0.000 0.173 0.021 0.002 0.052 0.751 
  34 P E   0.000 0.000 0.000 0.632 0.005 0.001 0.008 0.354 
  35 V E   0.000 0.000 0.000 0.988 0.001 0.000 0.001 0.010 
  36 L E   0.000 0.000 0.000 0.996 0.000 0.000 0.000 0.004 
  37 F E   0.000 0.000 0.000 0.996 0.000 0.000 0.001 0.003 
  38 L E   0.000 0.000 0.000 0.951 0.003 0.001 0.003 0.041 
  39 H L   0.000 0.000 0.000 0.076 0.001 0.000 0.006 0.916 
  40 G L   0.001 0.001 0.000 0.016 0.014 0.006 0.075 0.887 
  41 N T   0.004 0.007 0.000 0.003 0.005 0.761 0.155 0.065 
  42 P T   0.002 0.004 0.000 0.007 0.008 0.832 0.084 0.062 
  43 T L   0.004 0.007 0.000 0.018 0.060 0.031 0.048 0.832 
  44 S L   0.002 0.007 0.000 0.003 0.013 0.003 0.108 0.863 
  45 S G   0.085 0.763 0.001 0.000 0.001 0.098 0.034 0.020 
  46 Y G   0.077 0.813 0.000 0.000 0.001 0.086 0.009 0.014 
  47 V G   0.070 0.848 0.000 0.000 0.000 0.062 0.006 0.013 
  48 W G   0.080 0.786 0.001 0.000 0.001 0.114 0.010 0.010 
  49 R G   0.073 0.708 0.001 0.001 0.003 0.194 0.008 0.011 
  50 N G   0.054 0.537 0.001 0.000 0.000 0.393 0.009 0.005 
  51 I T   0.095 0.408 0.002 0.000 0.001 0.457 0.013 0.025 
  52 I H   0.585 0.371 0.001 0.000 0.000 0.021 0.013 0.009 
  53 P H   0.606 0.358 0.000 0.000 0.000 0.028 0.002 0.005 
  54 H H   0.637 0.308 0.001 0.000 0.000 0.047 0.001 0.005 
  55 V H   0.662 0.174 0.001 0.002 0.008 0.108 0.027 0.017 
  56 A T   0.151 0.134 0.001 0.002 0.009 0.465 0.054 0.185 
  57 P T   0.031 0.114 0.000 0.001 0.002 0.816 0.027 0.008 
  58 T T   0.018 0.093 0.000 0.005 0.001 0.814 0.065 0.004 
  59 H S   0.000 0.003 0.000 0.136 0.003 0.004 0.775 0.079 
  60 R E   0.000 0.000 0.000 0.889 0.025 0.000 0.006 0.079 
  61 C E   0.000 0.000 0.000 0.992 0.001 0.000 0.000 0.006 
  62 I E   0.000 0.000 0.000 0.992 0.000 0.000 0.000 0.007 
  63 A E   0.000 0.000 0.000 0.985 0.002 0.000 0.002 0.011 
  64 P E   0.000 0.000 0.000 0.849 0.016 0.002 0.007 0.126 
  65 D L   0.000 0.000 0.000 0.042 0.003 0.001 0.009 0.945 
  66 L L   0.001 0.001 0.000 0.010 0.047 0.005 0.037 0.899 
  67 I T   0.002 0.009 0.000 0.001 0.005 0.955 0.021 0.006 
  68 G T   0.001 0.011 0.000 0.001 0.004 0.948 0.026 0.008 
  69 M S   0.003 0.037 0.000 0.009 0.043 0.141 0.640 0.127 
  70 G T   0.006 0.021 0.000 0.013 0.037 0.653 0.184 0.086 
  71 K T   0.004 0.023 0.000 0.017 0.030 0.668 0.115 0.144 
  72 S L   0.003 0.010 0.000 0.010 0.041 0.060 0.362 0.514 
  73 D S   0.002 0.006 0.000 0.002 0.006 0.025 0.521 0.438 
  74 K S   0.001 0.011 0.000 0.002 0.010 0.041 0.533 0.402 
  75 P L   0.005 0.078 0.000 0.002 0.008 0.233 0.076 0.598 
  76 D L   0.006 0.113 0.000 0.002 0.009 0.286 0.131 0.452 
  77 L L   0.008 0.110 0.000 0.007 0.015 0.343 0.138 0.379 
  78 G L   0.004 0.050 0.000 0.014 0.032 0.359 0.114 0.426 
  79 Y L   0.004 0.005 0.000 0.032 0.062 0.030 0.161 0.706 
  80 F L   0.022 0.001 0.001 0.036 0.180 0.008 0.271 0.482 
  81 F H   0.971 0.003 0.000 0.001 0.000 0.013 0.005 0.007 
  82 D H   0.991 0.002 0.000 0.000 0.000 0.005 0.001 0.001 
  83 D H   0.994 0.002 0.000 0.000 0.000 0.003 0.000 0.001 
  84 H H   0.998 0.000 0.000 0.000 0.000 0.001 0.000 0.001 
  85 V H   0.998 0.000 0.000 0.000 0.000 0.001 0.000 0.000 
  86 R H   0.998 0.000 0.000 0.000 0.000 0.002 0.000 0.000 
  87 F H   0.998 0.000 0.000 0.000 0.000 0.002 0.000 0.000 
  88 M H   0.997 0.000 0.000 0.000 0.000 0.001 0.000 0.001 
  89 D H   0.998 0.000 0.000 0.000 0.000 0.001 0.000 0.000 
  90 A H   0.998 0.000 0.000 0.000 0.000 0.001 0.000 0.000 
  91 F H   0.998 0.000 0.000 0.000 0.000 0.001 0.000 0.000 
  92 I H   0.998 0.001 0.000 0.000 0.000 0.001 0.000 0.000 
  93 E H   0.994 0.002 0.000 0.000 0.000 0.003 0.000 0.000 
  94 A H   0.978 0.004 0.000 0.000 0.000 0.014 0.001 0.002 
  95 L H   0.567 0.006 0.000 0.000 0.000 0.401 0.019 0.006 
  96 G T   0.007 0.001 0.000 0.000 0.000 0.900 0.017 0.074 
  97 L L   0.000 0.001 0.000 0.011 0.007 0.006 0.012 0.963 
  98 E S   0.001 0.002 0.000 0.013 0.002 0.008 0.505 0.469 
  99 E L   0.000 0.002 0.000 0.161 0.003 0.013 0.189 0.632 
 100 V E   0.000 0.000 0.000 0.944 0.004 0.001 0.006 0.045 
 101 V E   0.000 0.000 0.000 0.996 0.000 0.000 0.000 0.004 
 102 L E   0.000 0.000 0.000 0.996 0.000 0.000 0.000 0.004 
 103 V E   0.000 0.000 0.000 0.997 0.000 0.000 0.000 0.002 
 104 I E   0.000 0.000 0.000 0.993 0.000 0.000 0.000 0.007 
 105 H E   0.001 0.001 0.000 0.956 0.005 0.005 0.007 0.026 
 106 D T   0.029 0.003 0.001 0.006 0.001 0.824 0.109 0.028 
 107 W H   0.877 0.004 0.000 0.000 0.000 0.113 0.003 0.002 
 108 G H   0.987 0.001 0.000 0.000 0.000 0.005 0.004 0.003 
 109 S H   0.995 0.001 0.000 0.000 0.000 0.003 0.000 0.000 
 110 A H   0.998 0.000 0.000 0.000 0.000 0.000 0.000 0.000 
 111 L H   0.998 0.000 0.000 0.000 0.000 0.001 0.000 0.001 
 112 G H   0.997 0.000 0.000 0.000 0.000 0.002 0.000 0.000 
 113 F H   0.993 0.001 0.000 0.000 0.000 0.005 0.000 0.000 
 114 H H   0.993 0.002 0.000 0.000 0.000 0.004 0.000 0.001 
 115 W H   0.991 0.004 0.000 0.000 0.000 0.003 0.001 0.001 
 116 A H   0.982 0.007 0.000 0.000 0.000 0.010 0.000 0.000 
 117 K H   0.947 0.005 0.000 0.000 0.000 0.045 0.002 0.001 
 118 R H   0.904 0.002 0.000 0.001 0.001 0.072 0.014 0.006 
 119 N L   0.013 0.002 0.000 0.001 0.002 0.028 0.128 0.826 
 120 P T   0.014 0.245 0.000 0.001 0.001 0.702 0.021 0.017 
 121 E T   0.005 0.220 0.000 0.000 0.000 0.762 0.011 0.001 
 122 R T   0.004 0.226 0.000 0.006 0.000 0.704 0.054 0.006 
 123 V E   0.002 0.003 0.000 0.666 0.061 0.007 0.015 0.247 
 124 K E   0.000 0.000 0.000 0.674 0.002 0.000 0.163 0.161 
 125 G E   0.000 0.000 0.000 0.972 0.002 0.003 0.004 0.018 
 126 I E   0.000 0.000 0.000 0.998 0.000 0.000 0.000 0.001 
 127 A E   0.000 0.000 0.000 0.995 0.000 0.000 0.000 0.005 
 128 F E   0.000 0.000 0.000 0.993 0.001 0.000 0.000 0.005 
 129 M E   0.000 0.000 0.000 0.869 0.011 0.003 0.022 0.094 
 130 E S   0.000 0.001 0.000 0.047 0.001 0.004 0.902 0.045 
 131 F L   0.000 0.001 0.000 0.018 0.013 0.005 0.202 0.761 
 132 I L   0.000 0.001 0.000 0.024 0.050 0.003 0.115 0.806 
 133 R L   0.000 0.001 0.000 0.016 0.030 0.013 0.327 0.612 
 134 P L   0.000 0.002 0.000 0.013 0.026 0.017 0.106 0.836 
 135 I L   0.001 0.001 0.000 0.008 0.020 0.008 0.027 0.935 
 136 P L   0.002 0.011 0.000 0.002 0.008 0.035 0.166 0.776 
 137 T L   0.009 0.109 0.000 0.001 0.003 0.134 0.133 0.611 
 138 W G   0.081 0.439 0.000 0.001 0.003 0.144 0.105 0.228 
 139 D G   0.106 0.457 0.000 0.001 0.002 0.118 0.116 0.199 
 140 E G   0.233 0.390 0.000 0.001 0.003 0.106 0.053 0.214 
 141 W H   0.732 0.018 0.000 0.002 0.007 0.025 0.081 0.136 
 142 P H   0.801 0.001 0.000 0.001 0.002 0.014 0.015 0.165 
 143 E H   0.987 0.001 0.000 0.000 0.000 0.007 0.001 0.004 
 144 F H   0.995 0.001 0.000 0.000 0.000 0.003 0.000 0.001 
 145 A H   0.996 0.001 0.000 0.000 0.000 0.002 0.000 0.001 
 146 R H   0.998 0.000 0.000 0.000 0.000 0.001 0.000 0.000 
 147 E H   0.997 0.000 0.000 0.000 0.000 0.001 0.000 0.001 
 148 T H   0.993 0.001 0.000 0.000 0.000 0.004 0.000 0.001 
 149 F H   0.989 0.003 0.000 0.000 0.000 0.005 0.001 0.002 
 150 Q H   0.961 0.012 0.000 0.000 0.000 0.023 0.001 0.002 
 151 A H   0.885 0.021 0.000 0.001 0.000 0.086 0.005 0.003 
 152 F H   0.736 0.029 0.000 0.004 0.002 0.178 0.021 0.030 
 153 R H   0.490 0.020 0.001 0.009 0.009 0.305 0.033 0.133 
 154 T T   0.246 0.014 0.000 0.016 0.030 0.259 0.176 0.259 
 155 T S   0.077 0.005 0.000 0.008 0.003 0.045 0.740 0.121 
 156 D L   0.160 0.017 0.000 0.025 0.024 0.124 0.283 0.367 
 157 V H   0.323 0.048 0.000 0.036 0.011 0.306 0.106 0.169 
 158 G H   0.347 0.056 0.000 0.060 0.007 0.271 0.064 0.195 
 159 R H   0.429 0.066 0.001 0.113 0.021 0.081 0.089 0.201 
 160 K H   0.430 0.042 0.000 0.151 0.010 0.050 0.045 0.272 
 161 L H   0.360 0.034 0.001 0.278 0.022 0.091 0.090 0.125 
 162 I E   0.326 0.020 0.001 0.342 0.041 0.077 0.071 0.122 
 163 I H   0.281 0.013 0.000 0.272 0.067 0.050 0.064 0.252 
 164 D L   0.176 0.014 0.000 0.031 0.003 0.068 0.053 0.655 
 165 Q H   0.513 0.041 0.001 0.012 0.003 0.317 0.063 0.051 
 166 N H   0.574 0.031 0.001 0.032 0.007 0.264 0.044 0.047 
 167 V H   0.634 0.030 0.001 0.063 0.018 0.048 0.058 0.149 
 168 F H   0.665 0.023 0.001 0.095 0.028 0.035 0.047 0.106 
 169 I H   0.647 0.030 0.001 0.103 0.026 0.041 0.042 0.110 
 170 E H   0.541 0.041 0.001 0.062 0.009 0.231 0.042 0.073 
 171 G T   0.155 0.029 0.000 0.037 0.005 0.565 0.110 0.099 
 172 T S   0.098 0.028 0.001 0.065 0.077 0.261 0.286 0.184 
 173 L S   0.019 0.016 0.000 0.062 0.029 0.076 0.511 0.288 
 174 P L   0.006 0.026 0.000 0.045 0.031 0.111 0.152 0.630 
 175 M T   0.013 0.041 0.000 0.028 0.021 0.434 0.252 0.211 
 176 G L   0.003 0.024 0.000 0.042 0.008 0.371 0.176 0.376 
 177 V L   0.002 0.012 0.000 0.161 0.048 0.034 0.147 0.595 
 178 V L   0.005 0.003 0.000 0.280 0.179 0.019 0.172 0.341 
 179 R L   0.000 0.001 0.000 0.205 0.031 0.005 0.119 0.639 
 180 P L   0.002 0.002 0.000 0.127 0.047 0.007 0.050 0.765 
 181 L L   0.008 0.002 0.000 0.045 0.031 0.009 0.078 0.827 
 182 T L   0.051 0.008 0.000 0.019 0.036 0.010 0.090 0.788 
 183 E H   0.829 0.090 0.000 0.002 0.001 0.045 0.016 0.017 
 184 V H   0.821 0.121 0.001 0.001 0.001 0.036 0.010 0.010 
 185 E H   0.806 0.176 0.000 0.000 0.000 0.010 0.002 0.004 
 186 M H   0.788 0.186 0.001 0.000 0.001 0.018 0.002 0.004 
 187 D H   0.669 0.202 0.001 0.001 0.001 0.114 0.008 0.005 
 188 H H   0.489 0.190 0.001 0.001 0.003 0.272 0.026 0.017 
 189 Y T   0.176 0.146 0.002 0.003 0.013 0.445 0.077 0.139 
 190 R T   0.110 0.200 0.001 0.010 0.068 0.342 0.101 0.167 
 191 E G   0.066 0.431 0.001 0.003 0.008 0.113 0.244 0.134 
 192 P G   0.057 0.582 0.001 0.008 0.005 0.244 0.047 0.057 
 193 F G   0.063 0.534 0.001 0.015 0.011 0.260 0.059 0.056 
 194 L S   0.040 0.213 0.001 0.022 0.065 0.145 0.296 0.217 
 195 N L   0.004 0.010 0.000 0.009 0.011 0.037 0.441 0.488 
 196 P T   0.032 0.091 0.000 0.008 0.018 0.474 0.118 0.259 
 197 V T   0.019 0.110 0.000 0.005 0.013 0.559 0.121 0.173 
 198 D T   0.015 0.120 0.000 0.003 0.005 0.400 0.094 0.363 
 199 R L   0.019 0.074 0.000 0.006 0.011 0.147 0.188 0.555 
 200 E L   0.034 0.125 0.000 0.020 0.028 0.110 0.138 0.546 
 201 P L   0.051 0.374 0.000 0.030 0.009 0.098 0.041 0.395 
 202 L G   0.056 0.504 0.000 0.077 0.010 0.120 0.084 0.149 
 203 W G   0.054 0.458 0.000 0.142 0.026 0.160 0.056 0.103 
 204 R G   0.040 0.337 0.000 0.140 0.057 0.161 0.060 0.204 
 205 F L   0.002 0.006 0.000 0.042 0.008 0.034 0.413 0.495 
 206 P L   0.009 0.012 0.000 0.017 0.017 0.227 0.083 0.635 
 207 N T   0.023 0.025 0.000 0.006 0.006 0.588 0.147 0.204 
 208 E T   0.023 0.031 0.000 0.011 0.008 0.528 0.157 0.241 
 209 L L   0.015 0.018 0.000 0.021 0.017 0.024 0.379 0.526 
 210 P L   0.021 0.017 0.000 0.054 0.026 0.015 0.031 0.836 
 211 I L   0.037 0.043 0.000 0.110 0.126 0.053 0.052 0.580 
 212 A T   0.020 0.036 0.000 0.049 0.014 0.590 0.060 0.231 
 213 G T   0.018 0.019 0.000 0.013 0.005 0.604 0.143 0.198 
 214 E L   0.239 0.011 0.000 0.017 0.045 0.043 0.198 0.446 
 215 P H   0.574 0.019 0.000 0.012 0.010 0.096 0.074 0.215 
 216 A H   0.676 0.031 0.001 0.013 0.010 0.056 0.082 0.131 
 217 N H   0.720 0.029 0.001 0.006 0.006 0.016 0.042 0.180 
 218 I H   0.940 0.023 0.001 0.003 0.002 0.015 0.006 0.011 
 219 V H   0.959 0.022 0.000 0.002 0.000 0.011 0.002 0.003 
 220 A H   0.956 0.023 0.000 0.001 0.000 0.016 0.002 0.003 
 221 L H   0.953 0.023 0.000 0.000 0.000 0.019 0.001 0.002 
 222 V H   0.957 0.027 0.000 0.000 0.000 0.010 0.001 0.004 
 223 E H   0.949 0.034 0.000 0.000 0.000 0.014 0.001 0.002 
 224 E H   0.925 0.039 0.000 0.000 0.000 0.031 0.001 0.003 
 225 Y H   0.918 0.046 0.000 0.000 0.000 0.026 0.003 0.005 
 226 M H   0.912 0.053 0.001 0.001 0.001 0.025 0.004 0.004 
 227 D H   0.851 0.073 0.001 0.001 0.000 0.070 0.002 0.002 
 228 W H   0.799 0.125 0.001 0.001 0.001 0.062 0.006 0.006 
 229 L H   0.552 0.312 0.000 0.000 0.001 0.095 0.009 0.031 
 230 H T   0.145 0.323 0.000 0.000 0.000 0.506 0.012 0.014 
 231 Q T   0.068 0.300 0.000 0.001 0.001 0.597 0.021 0.013 
 232 S L   0.001 0.008 0.000 0.003 0.009 0.008 0.147 0.824 
 233 P L   0.000 0.002 0.000 0.007 0.022 0.009 0.222 0.738 
 234 V S   0.000 0.001 0.000 0.006 0.003 0.002 0.929 0.059 
 235 P L   0.000 0.001 0.000 0.038 0.001 0.001 0.007 0.953 
 236 K E   0.000 0.000 0.000 0.982 0.004 0.000 0.001 0.012 
 237 L E   0.000 0.000 0.000 0.999 0.000 0.000 0.000 0.001 
 238 L E   0.000 0.000 0.000 0.999 0.000 0.000 0.000 0.001 
 239 F E   0.000 0.000 0.000 0.997 0.000 0.000 0.000 0.003 
 240 W E   0.000 0.000 0.000 0.976 0.002 0.001 0.003 0.018 
 241 G E   0.001 0.000 0.000 0.708 0.014 0.003 0.037 0.237 
 242 T T   0.003 0.007 0.000 0.034 0.005 0.575 0.304 0.073 
 243 P T   0.001 0.008 0.000 0.006 0.006 0.691 0.248 0.040 
 244 G L   0.001 0.010 0.000 0.004 0.019 0.050 0.118 0.797 
 245 V S   0.001 0.002 0.000 0.002 0.006 0.017 0.911 0.060 
 246 L S   0.000 0.001 0.000 0.002 0.003 0.013 0.912 0.070 
 247 I S   0.001 0.001 0.000 0.004 0.013 0.002 0.871 0.108 
 248 P L   0.007 0.000 0.000 0.002 0.003 0.001 0.006 0.981 
 249 P H   0.962 0.004 0.000 0.000 0.000 0.020 0.007 0.007 
 250 A H   0.984 0.003 0.000 0.000 0.000 0.011 0.001 0.001 
 251 E H   0.993 0.003 0.000 0.000 0.000 0.002 0.000 0.001 
 252 A H   0.995 0.001 0.000 0.000 0.000 0.002 0.000 0.001 
 253 A H   0.997 0.001 0.000 0.000 0.000 0.002 0.000 0.000 
 254 R H   0.996 0.001 0.000 0.000 0.000 0.003 0.000 0.000 
 255 L H   0.997 0.001 0.000 0.000 0.000 0.001 0.000 0.000 
 256 A H   0.984 0.004 0.000 0.000 0.000 0.010 0.000 0.001 
 257 K H   0.870 0.004 0.000 0.000 0.000 0.124 0.001 0.001 
 258 S H   0.803 0.004 0.000 0.001 0.000 0.182 0.006 0.003 
 259 L L   0.003 0.001 0.000 0.001 0.001 0.012 0.254 0.728 
 260 P T   0.001 0.006 0.000 0.001 0.002 0.936 0.043 0.012 
 261 N T   0.001 0.004 0.000 0.003 0.000 0.926 0.055 0.012 
 262 C L   0.000 0.002 0.000 0.269 0.003 0.006 0.200 0.519 
 263 K E   0.000 0.000 0.000 0.943 0.008 0.000 0.006 0.042 
 264 A E   0.000 0.000 0.000 0.995 0.000 0.000 0.000 0.003 
 265 V E   0.000 0.000 0.000 0.989 0.000 0.000 0.001 0.010 
 266 D E   0.000 0.000 0.000 0.978 0.003 0.000 0.001 0.016 
 267 I E   0.001 0.001 0.000 0.724 0.007 0.003 0.014 0.250 
 268 G L   0.003 0.015 0.000 0.087 0.002 0.073 0.224 0.596 
 269 P L   0.008 0.021 0.000 0.036 0.013 0.099 0.268 0.555 
 270 G L   0.030 0.027 0.000 0.069 0.111 0.040 0.119 0.604 
 271 L L   0.082 0.036 0.000 0.052 0.057 0.115 0.155 0.503 
 272 N T   0.174 0.039 0.000 0.013 0.009 0.418 0.189 0.159 
 273 L T   0.269 0.031 0.000 0.005 0.006 0.379 0.075 0.235 
 274 L H   0.587 0.028 0.000 0.007 0.015 0.046 0.024 0.291 
 275 Q H   0.632 0.041 0.000 0.011 0.014 0.038 0.019 0.243 
 276 E H   0.634 0.054 0.000 0.009 0.005 0.207 0.038 0.052 
 277 D H   0.557 0.044 0.000 0.005 0.007 0.264 0.073 0.049 
 278 N L   0.060 0.003 0.000 0.001 0.002 0.006 0.090 0.838 
 279 P H   0.774 0.023 0.000 0.001 0.001 0.129 0.022 0.049 
 280 D H   0.844 0.020 0.000 0.003 0.001 0.090 0.023 0.019 
 281 L H   0.909 0.021 0.000 0.001 0.001 0.026 0.010 0.031 
 282 I H   0.977 0.002 0.000 0.001 0.000 0.007 0.002 0.010 
 283 G H   0.991 0.001 0.000 0.001 0.000 0.003 0.001 0.003 
 284 S H   0.995 0.001 0.000 0.000 0.000 0.001 0.000 0.002 
 285 E H   0.997 0.000 0.000 0.000 0.000 0.001 0.000 0.002 
 286 I H   0.997 0.000 0.000 0.000 0.000 0.001 0.000 0.001 
 287 A H   0.996 0.001 0.000 0.000 0.000 0.002 0.000 0.001 
 288 R H   0.995 0.001 0.000 0.000 0.000 0.003 0.000 0.001 
 289 W H   0.995 0.001 0.000 0.000 0.000 0.002 0.001 0.001 
 290 L H   0.982 0.003 0.000 0.000 0.000 0.008 0.002 0.004 
 291 S H   0.817 0.006 0.000 0.000 0.000 0.163 0.007 0.006 
 292 T H   0.582 0.009 0.000 0.002 0.001 0.360 0.022 0.025 
 293 L L   0.241 0.007 0.000 0.008 0.005 0.236 0.167 0.336 
 294 E L   0.163 0.014 0.000 0.021 0.014 0.123 0.060 0.604 
 295 I L   0.129 0.023 0.000 0.024 0.022 0.046 0.097 0.659 
 296 S L   0.087 0.030 0.000 0.016 0.010 0.174 0.177 0.506 
 297 G S   0.010 0.017 0.000 0.011 0.003 0.170 0.439 0.351 
 298 L L   0.001 0.006 0.000 0.059 0.003 0.011 0.198 0.722 
 299 I L   0.001 0.001 0.000 0.367 0.003 0.002 0.029 0.599 
 300 E E   0.001 0.001 0.000 0.936 0.004 0.001 0.004 0.054 
 301 V E   0.000 0.001 0.000 0.954 0.002 0.000 0.002 0.042 
 302 E E   0.000 0.001 0.000 0.902 0.004 0.002 0.005 0.086 
 303 K E   0.000 0.001 0.000 0.614 0.008 0.003 0.030 0.345 
 304 P L   0.000 0.001 0.000 0.174 0.005 0.002 0.023 0.795 
 305 L L   0.000 0.001 0.000 0.111 0.009 0.008 0.077 0.794 
 306 Y L   0.000 0.003 0.000 0.190 0.010 0.019 0.334 0.443 
 307 G L   0.000 0.003 0.000 0.446 0.005 0.011 0.056 0.478 
 308 V E   0.001 0.002 0.000 0.826 0.009 0.002 0.014 0.146 
 309 E E   0.000 0.001 0.000 0.906 0.004 0.001 0.005 0.083 
 310 V E   0.000 0.001 0.000 0.889 0.010 0.000 0.004 0.096 
 311 F E   0.000 0.001 0.000 0.642 0.013 0.003 0.011 0.328 
 312 V T   0.001 0.005 0.000 0.020 0.001 0.944 0.017 0.012 
 313 G T   0.000 0.003 0.000 0.002 0.000 0.965 0.016 0.013 
 314 E L   0.000 0.002 0.000 0.040 0.001 0.011 0.220 0.725 
 315 T E   0.000 0.001 0.000 0.527 0.021 0.009 0.017 0.425 
 316 A E   0.000 0.000 0.000 0.982 0.002 0.000 0.002 0.014 
 317 H E   0.000 0.000 0.000 0.995 0.000 0.000 0.000 0.004 
 318 F E   0.000 0.000 0.000 0.996 0.000 0.000 0.001 0.003 
 319 E E   0.000 0.000 0.000 0.992 0.000 0.000 0.001 0.007 
 320 I E   0.000 0.000 0.000 0.989 0.000 0.000 0.001 0.010 
 321 E E   0.000 0.000 0.000 0.980 0.001 0.000 0.000 0.018 
 322 L E   0.000 0.000 0.000 0.832 0.003 0.000 0.002 0.161 
 323 S L   0.000 0.001 0.000 0.410 0.014 0.007 0.156 0.412 
 324 E S   0.000 0.003 0.000 0.069 0.004 0.025 0.678 0.220 
 325 P L   0.000 0.005 0.000 0.050 0.006 0.040 0.434 0.465 
 326 D L   0.000 0.003 0.000 0.178 0.006 0.025 0.081 0.706 
 327 V E   0.000 0.001 0.000 0.640 0.006 0.008 0.024 0.320 
 328 H E   0.000 0.000 0.000 0.962 0.001 0.001 0.004 0.031 
 329 G E   0.000 0.000 0.000 0.984 0.000 0.000 0.001 0.015 
 330 Q E   0.000 0.000 0.000 0.989 0.000 0.000 0.000 0.011 
 331 W E   0.000 0.000 0.000 0.994 0.000 0.000 0.001 0.005 
 332 K E   0.000 0.000 0.000 0.989 0.000 0.000 0.001 0.010 
 333 L E   0.000 0.000 0.000 0.965 0.005 0.003 0.010 0.018 
 334 K T   0.001 0.001 0.000 0.008 0.000 0.961 0.021 0.007 
 335 G T   0.000 0.001 0.000 0.006 0.000 0.960 0.021 0.012 
 336 Q E   0.000 0.000 0.000 0.961 0.013 0.005 0.008 0.012 
 337 P E   0.000 0.000 0.000 0.954 0.012 0.000 0.002 0.031 
 338 L L   0.000 0.001 0.000 0.033 0.001 0.002 0.019 0.945 
 339 A L   0.003 0.012 0.000 0.011 0.012 0.018 0.118 0.825 
 340 A L   0.003 0.011 0.000 0.019 0.047 0.027 0.347 0.545 
 341 S L   0.001 0.004 0.000 0.018 0.020 0.006 0.154 0.797 
 342 P T   0.002 0.006 0.000 0.006 0.008 0.566 0.273 0.140 
 343 D T   0.000 0.004 0.000 0.039 0.001 0.607 0.232 0.116 
 344 C E   0.000 0.001 0.000 0.817 0.010 0.003 0.058 0.111 
 345 E E   0.000 0.000 0.000 0.977 0.001 0.000 0.008 0.013 
 346 I E   0.000 0.000 0.000 0.987 0.000 0.000 0.001 0.011 
 347 I E   0.000 0.000 0.000 0.992 0.000 0.000 0.000 0.007 
 348 E E   0.000 0.000 0.000 0.977 0.001 0.002 0.002 0.017 
 349 D E   0.001 0.004 0.000 0.769 0.005 0.025 0.031 0.165 
 350 G T   0.001 0.007 0.000 0.009 0.001 0.678 0.279 0.026 
 351 K T   0.001 0.006 0.000 0.013 0.001 0.669 0.280 0.030 
 352 K E   0.000 0.001 0.000 0.890 0.007 0.006 0.027 0.069 
 353 H E   0.000 0.000 0.000 0.986 0.001 0.000 0.003 0.010 
 354 I E   0.000 0.000 0.000 0.995 0.000 0.000 0.001 0.004 
 355 L E   0.000 0.000 0.000 0.996 0.000 0.000 0.001 0.003 
 356 I E   0.000 0.000 0.000 0.996 0.000 0.001 0.001 0.002 
 357 L E   0.000 0.000 0.000 0.972 0.003 0.002 0.004 0.018 
 358 H L   0.000 0.001 0.000 0.382 0.003 0.005 0.157 0.452 
 359 N S   0.000 0.001 0.000 0.127 0.009 0.014 0.535 0.315 
 360 C L   0.000 0.001 0.000 0.028 0.013 0.002 0.021 0.934 
 361 Q L   0.001 0.014 0.000 0.012 0.020 0.005 0.026 0.923 
 362 L T   0.018 0.335 0.000 0.004 0.002 0.477 0.075 0.089 
 363 G T   0.015 0.354 0.000 0.004 0.001 0.486 0.071 0.069 
 364 M L   0.013 0.334 0.000 0.021 0.007 0.081 0.204 0.341 
 365 T L   0.002 0.011 0.000 0.131 0.005 0.016 0.070 0.764 
 366 G E   0.001 0.002 0.000 0.827 0.005 0.006 0.064 0.096 
 367 E E   0.000 0.000 0.000 0.959 0.001 0.000 0.007 0.032 
 368 V E   0.000 0.000 0.000 0.983 0.000 0.000 0.003 0.013 
 369 S E   0.000 0.000 0.000 0.996 0.000 0.000 0.000 0.003 
 370 F E   0.000 0.000 0.000 0.994 0.000 0.000 0.000 0.005 
 371 Q E   0.000 0.000 0.000 0.994 0.000 0.000 0.000 0.006 
 372 A E   0.000 0.000 0.000 0.994 0.000 0.000 0.001 0.005 
 373 A E   0.000 0.000 0.000 0.902 0.002 0.001 0.009 0.086 
 374 N E   0.000 0.001 0.000 0.532 0.010 0.007 0.089 0.360 
 375 T S   0.000 0.004 0.000 0.016 0.001 0.332 0.619 0.027 
 376 K S   0.000 0.005 0.000 0.019 0.001 0.342 0.556 0.077 
 377 S E   0.000 0.003 0.000 0.527 0.006 0.011 0.111 0.342 
 378 A E   0.000 0.000 0.000 0.883 0.003 0.001 0.008 0.105 
 379 A E   0.000 0.000 0.000 0.971 0.001 0.000 0.001 0.027 
 380 N E   0.000 0.000 0.000 0.990 0.000 0.000 0.001 0.009 
 381 L E   0.000 0.000 0.000 0.994 0.000 0.000 0.001 0.005 
 382 K E   0.000 0.000 0.000 0.995 0.000 0.000 0.000 0.004 
 383 V E   0.000 0.000 0.000 0.986 0.000 0.000 0.001 0.013 
 384 K E   0.000 0.000 0.000 0.959 0.001 0.001 0.004 0.035 
 385 E E   0.000 0.001 0.000 0.845 0.004 0.002 0.007 0.142 
 386 L L   0.000 0.002 0.000 0.183 0.003 0.009 0.051 0.752 
 387 R L   0.001 0.021 0.000 0.048 0.012 0.023 0.213 0.683 
 388 S L   0.001 0.042 0.000 0.015 0.011 0.024 0.218 0.689 
 389 A L   0.002 0.055 0.000 0.019 0.006 0.039 0.188 0.691 
 390 S L   0.002 0.037 0.000 0.089 0.014 0.045 0.178 0.634 
 391 L L   0.001 0.016 0.000 0.253 0.008 0.018 0.116 0.587 
 392 I E   0.001 0.004 0.000 0.547 0.004 0.003 0.052 0.389 
 393 E E   0.001 0.001 0.000 0.897 0.004 0.001 0.005 0.092 
 394 V E   0.000 0.001 0.000 0.937 0.002 0.001 0.002 0.057 
 395 E E   0.001 0.001 0.000 0.906 0.006 0.003 0.010 0.073 
 396 K E   0.000 0.001 0.000 0.571 0.006 0.003 0.058 0.360 
 397 P L   0.000 0.001 0.000 0.233 0.005 0.003 0.033 0.725 
 398 L L   0.000 0.002 0.000 0.188 0.008 0.011 0.088 0.703 
 399 Y L   0.001 0.005 0.000 0.342 0.015 0.029 0.191 0.417 
 400 G E   0.001 0.003 0.000 0.535 0.004 0.014 0.046 0.397 
 401 V E   0.001 0.002 0.000 0.832 0.008 0.003 0.016 0.139 
 402 E E   0.000 0.001 0.000 0.905 0.004 0.001 0.005 0.084 
 403 V E   0.000 0.001 0.000 0.875 0.011 0.000 0.004 0.109 
 404 F E   0.000 0.001 0.000 0.574 0.011 0.003 0.012 0.399 
 405 V T   0.001 0.006 0.000 0.020 0.001 0.935 0.021 0.017 
 406 G T   0.000 0.003 0.000 0.002 0.000 0.960 0.018 0.016 
 407 E L   0.000 0.002 0.000 0.040 0.001 0.009 0.129 0.818 
 408 T E   0.000 0.000 0.000 0.593 0.018 0.007 0.014 0.367 
 409 A E   0.000 0.000 0.000 0.983 0.001 0.000 0.002 0.013 
 410 H E   0.000 0.000 0.000 0.994 0.000 0.000 0.000 0.005 
 411 F E   0.000 0.000 0.000 0.996 0.000 0.000 0.001 0.003 
 412 E E   0.000 0.000 0.000 0.991 0.000 0.000 0.001 0.008 
 413 I E   0.000 0.000 0.000 0.988 0.000 0.000 0.001 0.011 
 414 E E   0.000 0.000 0.000 0.978 0.001 0.000 0.000 0.020 
 415 L E   0.000 0.000 0.000 0.832 0.004 0.001 0.003 0.160 
 416 S L   0.000 0.001 0.000 0.374 0.013 0.007 0.194 0.409 
 417 E S   0.000 0.004 0.000 0.053 0.003 0.025 0.779 0.136 
 418 P L   0.000 0.006 0.000 0.036 0.005 0.047 0.412 0.494 
 419 D L   0.000 0.004 0.000 0.151 0.007 0.027 0.084 0.726 
 420 V E   0.000 0.001 0.000 0.564 0.007 0.009 0.023 0.396 
 421 H E   0.000 0.000 0.000 0.937 0.002 0.001 0.007 0.053 
 422 G E   0.000 0.000 0.000 0.977 0.000 0.000 0.001 0.022 
 423 Q E   0.000 0.000 0.000 0.988 0.000 0.000 0.000 0.011 
 424 W E   0.000 0.000 0.000 0.995 0.000 0.000 0.001 0.004 
 425 K E   0.000 0.000 0.000 0.990 0.000 0.000 0.000 0.009 
 426 L E   0.000 0.000 0.000 0.969 0.004 0.002 0.009 0.015 
 427 K T   0.001 0.001 0.000 0.008 0.000 0.961 0.021 0.007 
 428 G T   0.000 0.001 0.000 0.006 0.000 0.958 0.021 0.013 
 429 Q E   0.000 0.000 0.000 0.968 0.011 0.004 0.007 0.010 
 430 P E   0.000 0.000 0.000 0.962 0.010 0.000 0.002 0.025 
 431 L L   0.000 0.001 0.000 0.030 0.001 0.002 0.019 0.948 
 432 A L   0.002 0.011 0.000 0.009 0.011 0.016 0.120 0.832 
 433 A L   0.002 0.009 0.000 0.013 0.039 0.019 0.330 0.588 
 434 S L   0.001 0.004 0.000 0.014 0.018 0.007 0.148 0.808 
 435 P T   0.002 0.006 0.000 0.007 0.007 0.533 0.302 0.144 
 436 D T   0.001 0.004 0.000 0.055 0.002 0.572 0.256 0.110 
 437 C E   0.000 0.001 0.000 0.816 0.009 0.003 0.056 0.115 
 438 E E   0.000 0.000 0.000 0.981 0.001 0.000 0.007 0.011 
 439 I E   0.000 0.000 0.000 0.991 0.000 0.000 0.000 0.008 
 440 I E   0.000 0.000 0.000 0.996 0.000 0.000 0.000 0.003 
 441 E E   0.000 0.000 0.000 0.981 0.001 0.002 0.002 0.014 
 442 D E   0.001 0.004 0.000 0.708 0.005 0.028 0.035 0.218 
 443 G T   0.001 0.006 0.000 0.010 0.001 0.564 0.392 0.027 
 444 K T   0.001 0.005 0.000 0.015 0.001 0.559 0.389 0.030 
 445 K E   0.000 0.001 0.000 0.854 0.007 0.008 0.036 0.094 
 446 H E   0.000 0.000 0.000 0.984 0.001 0.000 0.003 0.011 
 447 I E   0.000 0.000 0.000 0.995 0.000 0.000 0.001 0.004 
 448 L E   0.000 0.000 0.000 0.995 0.000 0.000 0.001 0.004 
 449 I E   0.000 0.000 0.000 0.994 0.000 0.001 0.001 0.003 
 450 L E   0.000 0.001 0.000 0.967 0.003 0.003 0.004 0.022 
 451 H E   0.000 0.001 0.000 0.474 0.003 0.005 0.105 0.412 
 452 N L   0.000 0.001 0.000 0.168 0.010 0.013 0.333 0.474 
 453 C L   0.000 0.001 0.000 0.036 0.013 0.004 0.028 0.918 
 454 Q L   0.001 0.014 0.000 0.017 0.027 0.008 0.059 0.873 
 455 L T   0.025 0.329 0.000 0.005 0.002 0.435 0.084 0.119 
 456 G T   0.022 0.347 0.000 0.005 0.002 0.452 0.084 0.089 
 457 M G   0.019 0.330 0.000 0.018 0.006 0.109 0.216 0.302 
 458 T L   0.004 0.014 0.000 0.113 0.005 0.026 0.070 0.768 
 459 G E   0.001 0.002 0.000 0.815 0.006 0.007 0.062 0.107 
 460 E E   0.000 0.000 0.000 0.956 0.001 0.000 0.008 0.034 
 461 V E   0.000 0.000 0.000 0.982 0.000 0.000 0.003 0.014 
 462 S E   0.000 0.000 0.000 0.996 0.000 0.000 0.001 0.003 
 463 F E   0.000 0.000 0.000 0.994 0.000 0.000 0.001 0.005 
 464 Q E   0.000 0.000 0.000 0.994 0.000 0.000 0.000 0.005 
 465 A E   0.000 0.000 0.000 0.997 0.000 0.000 0.000 0.002 
 466 A E   0.000 0.000 0.000 0.944 0.002 0.000 0.003 0.051 
 467 N E   0.000 0.001 0.000 0.521 0.008 0.004 0.042 0.424 
 468 T S   0.000 0.003 0.000 0.011 0.001 0.240 0.727 0.018 
 469 K S   0.000 0.004 0.000 0.015 0.001 0.252 0.681 0.047 
 470 S E   0.000 0.002 0.000 0.465 0.006 0.008 0.088 0.431 
 471 A E   0.000 0.000 0.000 0.880 0.004 0.002 0.010 0.105 
 472 A E   0.000 0.000 0.000 0.974 0.001 0.000 0.001 0.024 
 473 N E   0.000 0.000 0.000 0.988 0.000 0.000 0.001 0.011 
 474 L E   0.000 0.000 0.000 0.994 0.000 0.000 0.001 0.005 
 475 K E   0.000 0.000 0.000 0.994 0.000 0.000 0.000 0.006 
 476 V E   0.000 0.000 0.000 0.980 0.000 0.000 0.001 0.018 
 477 K E   0.000 0.001 0.000 0.943 0.001 0.002 0.008 0.046 
 478 E E   0.000 0.001 0.000 0.859 0.007 0.003 0.015 0.114 
 479 L L   0.000 0.001 0.000 0.243 0.003 0.006 0.046 0.701 
 480 R L   0.000 0.008 0.000 0.133 0.004 0.014 0.117 0.723 
 481 S L   0.001 0.016 0.000 0.277 0.013 0.016 0.085 0.592 
 482 T E   0.002 0.020 0.000 0.583 0.020 0.013 0.056 0.305 
 483 A E   0.001 0.010 0.000 0.689 0.010 0.006 0.036 0.248 
 484 L E   0.001 0.005 0.000 0.737 0.005 0.003 0.024 0.227 
 485 I E   0.001 0.002 0.000 0.798 0.003 0.001 0.011 0.185 
 486 E E   0.000 0.002 0.000 0.864 0.004 0.001 0.005 0.125 
 487 V E   0.000 0.002 0.000 0.863 0.004 0.003 0.005 0.122 
 488 E E   0.000 0.002 0.000 0.785 0.008 0.008 0.040 0.156 
 489 K E   0.000 0.001 0.000 0.533 0.013 0.007 0.144 0.301 
 490 P L   0.000 0.001 0.000 0.213 0.010 0.005 0.061 0.710 
 491 L L   0.000 0.003 0.000 0.138 0.015 0.010 0.100 0.735 
 492 Y L   0.001 0.005 0.000 0.190 0.014 0.034 0.253 0.503 
 493 G L   0.001 0.005 0.000 0.370 0.005 0.023 0.086 0.510 
 494 V E   0.001 0.003 0.000 0.777 0.012 0.005 0.029 0.173 
 495 E E   0.000 0.001 0.000 0.870 0.007 0.002 0.006 0.114 
 496 V E   0.000 0.001 0.000 0.828 0.015 0.001 0.004 0.150 
 497 F E   0.000 0.001 0.000 0.515 0.011 0.003 0.013 0.456 
 498 V T   0.001 0.005 0.000 0.023 0.001 0.937 0.021 0.013 
 499 G T   0.000 0.003 0.000 0.004 0.000 0.960 0.018 0.015 
 500 E L   0.000 0.002 0.000 0.043 0.001 0.008 0.121 0.824 
 501 T E   0.000 0.000 0.000 0.649 0.017 0.006 0.012 0.314 
 502 A E   0.000 0.000 0.000 0.985 0.001 0.000 0.002 0.012 
 503 H E   0.000 0.000 0.000 0.995 0.000 0.000 0.000 0.004 
 504 F E   0.000 0.000 0.000 0.996 0.000 0.000 0.001 0.003 
 505 E E   0.000 0.000 0.000 0.990 0.000 0.000 0.001 0.009 
 506 I E   0.000 0.000 0.000 0.988 0.000 0.000 0.001 0.011 
 507 E E   0.000 0.000 0.000 0.981 0.001 0.000 0.000 0.018 
 508 L E   0.000 0.000 0.000 0.826 0.004 0.000 0.003 0.166 
 509 S E   0.000 0.001 0.000 0.396 0.015 0.008 0.209 0.371 
 510 E S   0.000 0.004 0.000 0.063 0.004 0.036 0.746 0.147 
 511 P S   0.000 0.008 0.000 0.033 0.005 0.096 0.489 0.369 
 512 D L   0.001 0.007 0.000 0.116 0.005 0.091 0.146 0.635 
 513 V E   0.001 0.002 0.000 0.588 0.010 0.036 0.042 0.320 
 514 H E   0.000 0.001 0.000 0.887 0.003 0.003 0.011 0.095 
 515 G E   0.000 0.000 0.000 0.939 0.001 0.000 0.002 0.058 
 516 Q E   0.000 0.000 0.000 0.977 0.000 0.000 0.001 0.022 
 517 W E   0.000 0.000 0.000 0.994 0.000 0.000 0.001 0.005 
 518 K E   0.000 0.000 0.000 0.991 0.000 0.000 0.000 0.009 
 519 L E   0.000 0.000 0.000 0.969 0.005 0.003 0.009 0.014 
 520 K T   0.001 0.001 0.000 0.008 0.000 0.962 0.021 0.007 
 521 G T   0.000 0.001 0.000 0.006 0.000 0.960 0.020 0.013 
 522 Q E   0.000 0.000 0.000 0.969 0.010 0.004 0.006 0.009 
 523 P E   0.000 0.000 0.000 0.963 0.010 0.000 0.002 0.024 
 524 L L   0.000 0.001 0.000 0.028 0.001 0.002 0.017 0.952 
 525 A L   0.003 0.012 0.000 0.010 0.012 0.019 0.136 0.808 
 526 A L   0.003 0.009 0.000 0.017 0.049 0.021 0.291 0.609 
 527 S L   0.001 0.004 0.000 0.016 0.018 0.006 0.100 0.856 
 528 P T   0.002 0.006 0.000 0.006 0.007 0.560 0.269 0.149 
 529 D T   0.001 0.004 0.000 0.044 0.002 0.601 0.246 0.102 
 530 C E   0.000 0.001 0.000 0.810 0.009 0.003 0.062 0.115 
 531 E E   0.000 0.000 0.000 0.980 0.001 0.000 0.007 0.012 
 532 I E   0.000 0.000 0.000 0.989 0.000 0.000 0.001 0.010 
 533 I E   0.000 0.000 0.000 0.992 0.000 0.000 0.000 0.007 
 534 E E   0.000 0.000 0.000 0.979 0.001 0.003 0.002 0.015 
 535 D E   0.001 0.006 0.000 0.796 0.006 0.043 0.027 0.122 
 536 G T   0.001 0.008 0.000 0.011 0.001 0.713 0.239 0.028 
 537 K T   0.001 0.008 0.000 0.016 0.001 0.700 0.239 0.035 
 538 K E   0.001 0.001 0.000 0.892 0.007 0.007 0.025 0.067 
 539 H E   0.000 0.000 0.000 0.984 0.001 0.000 0.003 0.011 
 540 I E   0.000 0.000 0.000 0.995 0.000 0.000 0.001 0.004 
 541 L E   0.000 0.000 0.000 0.995 0.000 0.000 0.001 0.004 
 542 I E   0.000 0.000 0.000 0.994 0.000 0.001 0.001 0.003 
 543 L E   0.000 0.001 0.000 0.968 0.003 0.003 0.004 0.021 
 544 H E   0.000 0.001 0.000 0.440 0.003 0.005 0.128 0.423 
 545 N L   0.000 0.001 0.000 0.158 0.011 0.014 0.398 0.417 
 546 C L   0.000 0.001 0.000 0.031 0.014 0.003 0.027 0.924 
 547 Q L   0.001 0.016 0.000 0.014 0.026 0.007 0.055 0.881 
 548 L T   0.014 0.248 0.000 0.004 0.002 0.565 0.092 0.074 
 549 G T   0.011 0.266 0.000 0.004 0.002 0.568 0.081 0.067 
 550 M L   0.010 0.246 0.000 0.027 0.009 0.065 0.229 0.415 
 551 T L   0.002 0.012 0.000 0.135 0.005 0.017 0.058 0.771 
 552 G E   0.001 0.002 0.000 0.859 0.005 0.005 0.042 0.085 
 553 E E   0.000 0.000 0.000 0.967 0.001 0.000 0.006 0.026 
 554 V E   0.000 0.000 0.000 0.984 0.000 0.000 0.003 0.013 
 555 S E   0.000 0.000 0.000 0.996 0.000 0.000 0.000 0.003 
 556 F E   0.000 0.000 0.000 0.995 0.000 0.000 0.001 0.005 
 557 Q E   0.000 0.000 0.000 0.994 0.000 0.000 0.000 0.006 
 558 A E   0.000 0.000 0.000 0.996 0.000 0.000 0.000 0.003 
 559 A E   0.000 0.000 0.000 0.936 0.002 0.000 0.005 0.057 
 560 N E   0.000 0.001 0.000 0.530 0.008 0.005 0.076 0.379 
 561 T S   0.000 0.003 0.000 0.010 0.001 0.390 0.576 0.019 
 562 K S   0.000 0.004 0.000 0.012 0.000 0.393 0.549 0.042 
 563 S E   0.000 0.002 0.000 0.582 0.006 0.009 0.064 0.337 
 564 A E   0.000 0.000 0.000 0.902 0.003 0.001 0.007 0.087 
 565 A E   0.000 0.000 0.000 0.968 0.000 0.000 0.001 0.031 
 566 N E   0.000 0.000 0.000 0.989 0.000 0.000 0.001 0.010 
 567 L E   0.000 0.000 0.000 0.995 0.000 0.000 0.001 0.004 
 568 K E   0.000 0.000 0.000 0.996 0.000 0.000 0.000 0.004 
 569 V E   0.000 0.000 0.000 0.990 0.000 0.000 0.000 0.009 
 570 K E   0.000 0.000 0.000 0.979 0.000 0.001 0.002 0.017 
 571 E E   0.000 0.000 0.000 0.898 0.003 0.001 0.004 0.092 
 572 L L   0.000 0.001 0.000 0.275 0.002 0.009 0.074 0.637 
 573 R L   0.001 0.013 0.000 0.144 0.018 0.020 0.245 0.559 
 574 S L   0.001 0.023 0.000 0.084 0.022 0.018 0.103 0.749 
 575 T L   0.002 0.032 0.000 0.073 0.015 0.035 0.168 0.675 
 576 S L   0.002 0.018 0.000 0.117 0.029 0.033 0.288 0.512 
 577 L L   0.000 0.008 0.000 0.177 0.005 0.012 0.161 0.636 
 578 I L   0.001 0.003 0.000 0.450 0.004 0.004 0.048 0.492 
 579 E E   0.001 0.001 0.000 0.880 0.007 0.001 0.006 0.104 
 580 V E   0.000 0.001 0.000 0.916 0.002 0.001 0.002 0.077 
 581 E E   0.000 0.001 0.000 0.898 0.007 0.003 0.013 0.078 
 582 K E   0.000 0.001 0.000 0.643 0.007 0.003 0.066 0.280 
 583 P L   0.000 0.001 0.000 0.301 0.007 0.003 0.032 0.657 
 584 L L   0.000 0.001 0.000 0.216 0.009 0.008 0.069 0.696 
 585 Y L   0.000 0.003 0.000 0.300 0.013 0.025 0.195 0.464 
 586 G E   0.000 0.003 0.000 0.483 0.004 0.015 0.060 0.434 
 587 V E   0.001 0.002 0.000 0.818 0.009 0.003 0.019 0.148 
 588 E E   0.001 0.001 0.000 0.905 0.004 0.001 0.005 0.083 
 589 V E   0.000 0.001 0.000 0.884 0.011 0.001 0.004 0.099 
 590 F E   0.000 0.001 0.000 0.621 0.013 0.004 0.013 0.348 
 591 V T   0.001 0.006 0.000 0.019 0.001 0.934 0.022 0.017 
 592 G T   0.000 0.003 0.000 0.002 0.000 0.959 0.020 0.016 
 593 E L   0.000 0.003 0.000 0.044 0.001 0.014 0.209 0.730 
 594 T E   0.000 0.001 0.000 0.611 0.020 0.008 0.017 0.344 
 595 A E   0.000 0.000 0.000 0.982 0.001 0.000 0.002 0.014 
 596 H E   0.000 0.000 0.000 0.995 0.000 0.000 0.000 0.004 
 597 F E   0.000 0.000 0.000 0.996 0.000 0.000 0.001 0.003 
 598 E E   0.000 0.000 0.000 0.992 0.000 0.000 0.001 0.007 
 599 I E   0.000 0.000 0.000 0.989 0.000 0.000 0.001 0.010 
 600 E E   0.000 0.000 0.000 0.981 0.001 0.000 0.000 0.018 
 601 L E   0.000 0.000 0.000 0.883 0.003 0.000 0.002 0.111 
 602 S E   0.000 0.001 0.000 0.499 0.014 0.007 0.130 0.349 
 603 E S   0.000 0.003 0.000 0.082 0.003 0.023 0.671 0.217 
 604 P L   0.000 0.005 0.000 0.056 0.008 0.040 0.383 0.508 
 605 D L   0.000 0.003 0.000 0.145 0.007 0.022 0.097 0.726 
 606 V E   0.000 0.001 0.000 0.532 0.007 0.009 0.026 0.424 
 607 H E   0.000 0.000 0.000 0.936 0.002 0.001 0.007 0.054 
 608 G E   0.000 0.000 0.000 0.978 0.000 0.000 0.001 0.020 
 609 Q E   0.000 0.000 0.000 0.986 0.000 0.000 0.000 0.014 
 610 W E   0.000 0.000 0.000 0.994 0.000 0.000 0.001 0.005 
 611 K E   0.000 0.000 0.000 0.991 0.000 0.000 0.000 0.009 
 612 L E   0.000 0.000 0.000 0.971 0.004 0.002 0.008 0.014 
 613 K T   0.001 0.001 0.000 0.008 0.000 0.961 0.022 0.007 
 614 G T   0.000 0.001 0.000 0.006 0.000 0.958 0.020 0.015 
 615 Q E   0.000 0.000 0.000 0.968 0.010 0.004 0.006 0.010 
 616 P E   0.000 0.000 0.000 0.963 0.010 0.000 0.002 0.025 
 617 L L   0.000 0.001 0.000 0.026 0.001 0.002 0.018 0.953 
 618 A L   0.002 0.011 0.000 0.008 0.011 0.017 0.133 0.818 
 619 A L   0.002 0.008 0.000 0.013 0.041 0.017 0.273 0.645 
 620 S L   0.001 0.003 0.000 0.012 0.016 0.006 0.107 0.854 
 621 P T   0.002 0.007 0.000 0.007 0.008 0.450 0.274 0.252 
 622 D T   0.001 0.005 0.000 0.049 0.002 0.491 0.268 0.185 
 623 C E   0.000 0.001 0.000 0.783 0.009 0.003 0.071 0.134 
 624 E E   0.000 0.000 0.000 0.976 0.001 0.000 0.008 0.014 
 625 I E   0.000 0.000 0.000 0.987 0.000 0.000 0.001 0.012 
 626 I E   0.000 0.000 0.000 0.996 0.000 0.000 0.000 0.004 
 627 E E   0.000 0.000 0.000 0.989 0.001 0.000 0.001 0.008 
 628 D E   0.000 0.001 0.000 0.833 0.004 0.008 0.022 0.132 
 629 G T   0.001 0.004 0.000 0.006 0.001 0.742 0.227 0.019 
 630 K T   0.000 0.003 0.000 0.005 0.000 0.743 0.231 0.017 
 631 K E   0.000 0.001 0.000 0.911 0.007 0.006 0.022 0.053 
 632 H E   0.000 0.000 0.000 0.987 0.001 0.000 0.002 0.010 
 633 I E   0.000 0.000 0.000 0.995 0.000 0.000 0.001 0.004 
 634 L E   0.000 0.000 0.000 0.996 0.000 0.000 0.001 0.003 
 635 I E   0.000 0.000 0.000 0.995 0.000 0.001 0.001 0.003 
 636 L E   0.000 0.001 0.000 0.962 0.004 0.003 0.005 0.025 
 637 H L   0.000 0.001 0.000 0.358 0.002 0.007 0.190 0.441 
 638 N S   0.001 0.002 0.000 0.137 0.011 0.015 0.494 0.341 
 639 C L   0.000 0.001 0.000 0.031 0.015 0.002 0.021 0.931 
 640 Q L   0.001 0.012 0.000 0.014 0.021 0.005 0.032 0.915 
 641 L T   0.017 0.353 0.000 0.004 0.002 0.465 0.075 0.083 
 642 G T   0.014 0.374 0.000 0.004 0.001 0.473 0.071 0.063 
 643 M G   0.012 0.355 0.000 0.016 0.006 0.075 0.202 0.333 
 644 T L   0.003 0.013 0.000 0.117 0.005 0.017 0.058 0.788 
 645 G E   0.001 0.002 0.000 0.867 0.005 0.005 0.042 0.077 
 646 E E   0.000 0.000 0.000 0.967 0.001 0.000 0.006 0.025 
 647 V E   0.000 0.000 0.000 0.985 0.000 0.000 0.003 0.012 
 648 S E   0.000 0.000 0.000 0.997 0.000 0.000 0.000 0.003 
 649 F E   0.000 0.000 0.000 0.995 0.000 0.000 0.001 0.005 
 650 Q E   0.000 0.000 0.000 0.994 0.000 0.000 0.000 0.006 
 651 A E   0.000 0.000 0.000 0.997 0.000 0.000 0.000 0.002 
 652 A E   0.000 0.000 0.000 0.954 0.001 0.000 0.002 0.042 
 653 N E   0.000 0.001 0.000 0.567 0.008 0.004 0.035 0.386 
 654 T S   0.000 0.003 0.000 0.011 0.001 0.253 0.714 0.019 
 655 K S   0.000 0.004 0.000 0.012 0.000 0.255 0.686 0.043 
 656 S E   0.000 0.002 0.000 0.507 0.005 0.007 0.069 0.409 
 657 A E   0.000 0.000 0.000 0.911 0.003 0.001 0.007 0.077 
 658 A E   0.000 0.000 0.000 0.977 0.000 0.000 0.001 0.022 
 659 N E   0.000 0.000 0.000 0.990 0.000 0.000 0.001 0.008 
 660 L E   0.000 0.000 0.000 0.995 0.000 0.000 0.001 0.004 
 661 K E   0.000 0.000 0.000 0.996 0.000 0.000 0.000 0.004 
 662 V E   0.000 0.000 0.000 0.988 0.000 0.000 0.000 0.011 
 663 K E   0.000 0.000 0.000 0.958 0.001 0.001 0.004 0.036 
 664 E E   0.000 0.001 0.000 0.830 0.005 0.002 0.009 0.153 
 665 L L   0.000 0.002 0.000 0.271 0.003 0.014 0.075 0.635 
 666 R L   0.001 0.008 0.000 0.172 0.017 0.026 0.283 0.493 
 667 S L   0.001 0.009 0.000 0.147 0.024 0.013 0.137 0.670 
 668 V L   0.002 0.011 0.000 0.154 0.038 0.016 0.115 0.665 
 669 D L   0.001 0.004 0.000 0.155 0.023 0.018 0.158 0.641 
 670 L L   0.000 0.004 0.000 0.189 0.005 0.010 0.084 0.708 
 671 I L   0.001 0.002 0.000 0.431 0.005 0.003 0.029 0.529 
 672 E E   0.001 0.002 0.000 0.808 0.009 0.001 0.006 0.174 
 673 V E   0.001 0.002 0.000 0.854 0.005 0.002 0.004 0.133 
 674 E E   0.001 0.002 0.000 0.806 0.011 0.007 0.027 0.147 
 675 K E   0.000 0.001 0.000 0.495 0.010 0.004 0.103 0.386 
 676 P L   0.000 0.001 0.000 0.180 0.006 0.003 0.043 0.768 
 677 L L   0.000 0.002 0.000 0.153 0.010 0.010 0.090 0.735 
 678 Y L   0.000 0.004 0.000 0.295 0.014 0.032 0.207 0.447 
 679 G E   0.000 0.004 0.000 0.517 0.004 0.022 0.066 0.387 
 680 V E   0.001 0.002 0.000 0.843 0.008 0.004 0.025 0.117 
 681 E E   0.000 0.001 0.000 0.920 0.004 0.001 0.005 0.069 
 682 V E   0.000 0.001 0.000 0.904 0.008 0.000 0.003 0.083 
 683 F E   0.000 0.001 0.000 0.686 0.013 0.003 0.010 0.287 
 684 V T   0.001 0.006 0.000 0.028 0.001 0.928 0.020 0.017 
 685 G T   0.000 0.004 0.000 0.002 0.000 0.959 0.021 0.014 
 686 E L   0.000 0.003 0.000 0.049 0.001 0.019 0.232 0.696 
 687 T E   0.000 0.001 0.000 0.613 0.020 0.010 0.020 0.336 
 688 A E   0.000 0.000 0.000 0.984 0.001 0.000 0.002 0.012 
 689 H E   0.000 0.000 0.000 0.995 0.000 0.000 0.000 0.004 
 690 F E   0.000 0.000 0.000 0.996 0.000 0.000 0.001 0.002 
 691 E E   0.000 0.000 0.000 0.994 0.000 0.000 0.001 0.005 
 692 I E   0.000 0.000 0.000 0.993 0.000 0.000 0.000 0.007 
 693 E E   0.000 0.000 0.000 0.987 0.000 0.000 0.000 0.012 
 694 L E   0.000 0.000 0.000 0.905 0.003 0.000 0.002 0.090 
 695 S E   0.000 0.001 0.000 0.489 0.013 0.007 0.160 0.330 
 696 E S   0.000 0.002 0.000 0.070 0.003 0.015 0.784 0.126 
 697 P L   0.000 0.003 0.000 0.040 0.009 0.016 0.300 0.632 
 698 D L   0.000 0.002 0.000 0.107 0.010 0.006 0.054 0.821 
 699 V L   0.000 0.001 0.000 0.405 0.007 0.006 0.030 0.550 
 700 H E   0.000 0.001 0.000 0.904 0.003 0.002 0.011 0.080 
 701 G E   0.000 0.000 0.000 0.977 0.000 0.000 0.001 0.021 
 702 Q E   0.000 0.000 0.000 0.987 0.000 0.000 0.000 0.012 
 703 W E   0.000 0.000 0.000 0.994 0.000 0.000 0.001 0.005 
 704 K E   0.000 0.000 0.000 0.991 0.000 0.000 0.000 0.008 
 705 L E   0.000 0.000 0.000 0.974 0.004 0.002 0.007 0.013 
 706 K T   0.001 0.001 0.000 0.007 0.000 0.964 0.020 0.007 
 707 G T   0.000 0.001 0.000 0.005 0.000 0.961 0.019 0.013 
 708 Q E   0.000 0.000 0.000 0.970 0.010 0.004 0.006 0.009 
 709 P E   0.000 0.000 0.000 0.965 0.010 0.000 0.002 0.022 
 710 L L   0.000 0.001 0.000 0.026 0.001 0.002 0.019 0.952 
 711 A L   0.003 0.013 0.000 0.007 0.010 0.021 0.140 0.805 
 712 A L   0.002 0.010 0.000 0.012 0.039 0.023 0.265 0.649 
 713 S L   0.001 0.004 0.000 0.012 0.017 0.006 0.131 0.829 
 714 P T   0.002 0.006 0.000 0.005 0.007 0.523 0.344 0.115 
 715 D T   0.000 0.004 0.000 0.039 0.001 0.565 0.288 0.103 
 716 C E   0.000 0.001 0.000 0.787 0.010 0.003 0.061 0.139 
 717 E E   0.000 0.000 0.000 0.980 0.001 0.000 0.007 0.011 
 718 I E   0.000 0.000 0.000 0.991 0.000 0.000 0.000 0.008 
 719 I E   0.000 0.000 0.000 0.997 0.000 0.000 0.000 0.003 
 720 E E   0.000 0.000 0.000 0.986 0.001 0.001 0.001 0.011 
 721 D E   0.000 0.002 0.000 0.698 0.005 0.012 0.031 0.253 
 722 G T   0.001 0.004 0.000 0.007 0.001 0.539 0.427 0.021 
 723 K T   0.001 0.004 0.000 0.014 0.001 0.533 0.426 0.022 
 724 K E   0.000 0.001 0.000 0.880 0.006 0.005 0.023 0.085 
 725 H E   0.000 0.000 0.000 0.989 0.001 0.000 0.002 0.008 
 726 I E   0.000 0.000 0.000 0.996 0.000 0.000 0.000 0.003 
 727 L E   0.000 0.000 0.000 0.996 0.000 0.000 0.001 0.003 
 728 I E   0.000 0.000 0.000 0.995 0.000 0.001 0.001 0.003 
 729 L E   0.000 0.001 0.000 0.963 0.004 0.003 0.005 0.024 
 730 H L   0.000 0.001 0.000 0.256 0.002 0.010 0.267 0.463 
 731 N S   0.001 0.001 0.000 0.077 0.008 0.016 0.661 0.235 
 732 C L   0.000 0.001 0.000 0.021 0.014 0.002 0.020 0.943 
 733 Q L   0.001 0.012 0.000 0.013 0.022 0.004 0.027 0.920 
 734 L G   0.021 0.425 0.000 0.006 0.003 0.372 0.068 0.105 
 735 G G   0.016 0.447 0.000 0.006 0.002 0.391 0.070 0.068 
 736 M G   0.014 0.423 0.000 0.019 0.005 0.070 0.210 0.258 
 737 T L   0.003 0.014 0.000 0.153 0.005 0.015 0.051 0.758 
 738 G E   0.001 0.002 0.000 0.902 0.005 0.004 0.032 0.055 
 739 E E   0.000 0.000 0.000 0.974 0.001 0.000 0.005 0.019 
 740 V E   0.000 0.000 0.000 0.987 0.000 0.000 0.003 0.009 
 741 S E   0.000 0.000 0.000 0.997 0.000 0.000 0.000 0.002 
 742 F E   0.000 0.000 0.000 0.995 0.000 0.000 0.000 0.005 
 743 Q E   0.000 0.000 0.000 0.993 0.000 0.000 0.000 0.006 
 744 A E   0.000 0.000 0.000 0.998 0.000 0.000 0.000 0.002 
 745 A E   0.000 0.000 0.000 0.967 0.001 0.000 0.002 0.029 
 746 N E   0.000 0.001 0.000 0.571 0.007 0.003 0.031 0.388 
 747 T S   0.000 0.002 0.000 0.006 0.001 0.334 0.643 0.013 
 748 K S   0.000 0.003 0.000 0.007 0.000 0.331 0.637 0.022 
 749 S E   0.000 0.001 0.000 0.686 0.006 0.006 0.061 0.240 
 750 A E   0.000 0.000 0.000 0.958 0.002 0.001 0.004 0.035 
 751 A E   0.000 0.000 0.000 0.983 0.000 0.000 0.000 0.016 
 752 N E   0.000 0.000 0.000 0.990 0.000 0.000 0.001 0.009 
 753 L E   0.000 0.000 0.000 0.994 0.000 0.000 0.001 0.005 
 754 K E   0.000 0.000 0.000 0.993 0.000 0.000 0.000 0.006 
 755 V E   0.000 0.000 0.000 0.986 0.000 0.001 0.001 0.012 
 756 K E   0.000 0.000 0.000 0.922 0.001 0.001 0.005 0.070 
 757 E E   0.000 0.001 0.000 0.784 0.005 0.002 0.010 0.199 
 758 L L   0.001 0.003 0.000 0.452 0.007 0.004 0.021 0.513 
 759 R L   0.004 0.014 0.000 0.233 0.027 0.011 0.045 0.666 
 760 S L   0.011 0.046 0.000 0.078 0.017 0.101 0.066 0.680 
 761 G L   0.010 0.067 0.000 0.015 0.007 0.245 0.289 0.367 
 762 S L   0.010 0.068 0.000 0.011 0.008 0.243 0.232 0.428 
 763 M L   0.009 0.054 0.000 0.009 0.010 0.215 0.261 0.443 
 764 D L   0.004 0.027 0.000 0.011 0.009 0.160 0.228 0.561 
 765 K L   0.004 0.025 0.000 0.029 0.015 0.173 0.323 0.431 
 766 D L   0.003 0.017 0.000 0.078 0.010 0.134 0.128 0.631 
 767 C L   0.002 0.013 0.000 0.248 0.014 0.023 0.058 0.642 
 768 E E   0.002 0.008 0.000 0.534 0.009 0.011 0.028 0.407 
 769 M E   0.001 0.005 0.000 0.725 0.003 0.003 0.013 0.252 
 770 K E   0.001 0.002 0.000 0.917 0.002 0.002 0.022 0.054 
 771 R E   0.001 0.001 0.000 0.988 0.000 0.001 0.003 0.006 
 772 T E   0.000 0.000 0.000 0.994 0.000 0.000 0.001 0.004 
 773 T E   0.000 0.000 0.000 0.990 0.000 0.000 0.001 0.009 
 774 L E   0.001 0.001 0.000 0.944 0.002 0.006 0.012 0.035 
 775 D E   0.000 0.001 0.000 0.644 0.005 0.013 0.192 0.145 
 776 S L   0.000 0.001 0.000 0.298 0.018 0.009 0.170 0.503 
 777 P S   0.001 0.007 0.000 0.021 0.003 0.273 0.571 0.124 
 778 L S   0.000 0.005 0.000 0.030 0.001 0.267 0.663 0.033 
 779 G E   0.001 0.005 0.000 0.656 0.012 0.015 0.132 0.178 
 780 K E   0.000 0.001 0.000 0.887 0.002 0.003 0.024 0.084 
 781 L E   0.000 0.000 0.000 0.988 0.001 0.001 0.002 0.009 
 782 E E   0.000 0.000 0.000 0.996 0.000 0.000 0.001 0.002 
 783 L E   0.000 0.000 0.000 0.997 0.000 0.000 0.000 0.003 
 784 S E   0.000 0.000 0.000 0.997 0.000 0.000 0.000 0.002 
 785 G E   0.000 0.000 0.000 0.983 0.001 0.000 0.001 0.016 
 786 C E   0.000 0.001 0.000 0.814 0.005 0.004 0.016 0.161 
 787 E S   0.000 0.006 0.000 0.029 0.001 0.381 0.558 0.023 
 788 Q S   0.000 0.005 0.000 0.012 0.000 0.454 0.509 0.018 
 789 G E   0.001 0.008 0.000 0.513 0.006 0.136 0.199 0.137 
 790 L E   0.000 0.000 0.000 0.958 0.002 0.004 0.008 0.027 
 791 H E   0.000 0.000 0.000 0.989 0.000 0.000 0.001 0.010 
 792 R E   0.000 0.000 0.000 0.996 0.000 0.000 0.000 0.003 
 793 I E   0.000 0.000 0.000 0.993 0.000 0.000 0.000 0.006 
 794 I E   0.000 0.000 0.000 0.989 0.000 0.000 0.001 0.010 
 795 F E   0.001 0.001 0.000 0.949 0.002 0.005 0.004 0.038 
 796 L L   0.001 0.004 0.000 0.314 0.003 0.028 0.069 0.581 
 797 G L   0.003 0.012 0.000 0.043 0.004 0.061 0.229 0.648 
 798 K L   0.008 0.022 0.000 0.011 0.007 0.123 0.245 0.585 
 799 G L   0.014 0.026 0.000 0.007 0.006 0.098 0.071 0.778 
 800 T L   0.037 0.038 0.000 0.010 0.020 0.026 0.079 0.790 
 801 S L   0.060 0.064 0.000 0.005 0.004 0.027 0.054 0.786 
 802 A L   0.323 0.185 0.000 0.010 0.005 0.062 0.033 0.381 
 803 A L   0.329 0.196 0.000 0.011 0.005 0.044 0.050 0.364 
 804 D L   0.331 0.214 0.000 0.013 0.006 0.021 0.054 0.363 
 805 A H   0.357 0.237 0.000 0.024 0.010 0.043 0.048 0.281 
 806 V L   0.281 0.210 0.000 0.025 0.012 0.089 0.073 0.310 
 807 E L   0.208 0.177 0.000 0.020 0.012 0.111 0.117 0.354 
 808 V L   0.006 0.003 0.000 0.008 0.005 0.008 0.440 0.529 
 809 P L   0.007 0.002 0.000 0.011 0.011 0.008 0.075 0.886 
 810 A L   0.023 0.011 0.000 0.007 0.006 0.023 0.080 0.850 
 811 P L   0.049 0.088 0.000 0.003 0.002 0.057 0.085 0.715 
 812 A L   0.121 0.244 0.000 0.021 0.003 0.048 0.052 0.510 
 813 A L   0.149 0.254 0.000 0.168 0.015 0.037 0.020 0.357 
 814 V L   0.142 0.221 0.000 0.232 0.053 0.056 0.035 0.262 
 815 L L   0.045 0.045 0.000 0.119 0.017 0.126 0.085 0.562 
 816 G L   0.006 0.008 0.000 0.022 0.008 0.156 0.151 0.648 
 817 G L   0.004 0.002 0.000 0.003 0.004 0.030 0.342 0.615 
 818 P L   0.027 0.005 0.000 0.003 0.007 0.016 0.345 0.597 
 819 E H   0.562 0.040 0.000 0.003 0.006 0.078 0.148 0.162 
 820 P H   0.805 0.049 0.000 0.001 0.001 0.116 0.017 0.010 
 821 L H   0.851 0.047 0.000 0.000 0.000 0.073 0.014 0.015 
 822 M H   0.962 0.010 0.000 0.000 0.000 0.008 0.006 0.013 
 823 Q H   0.990 0.001 0.000 0.000 0.000 0.002 0.001 0.004 
 824 A H   0.997 0.000 0.000 0.000 0.000 0.001 0.000 0.001 
 825 T H   0.999 0.000 0.000 0.000 0.000 0.001 0.000 0.000 
 826 A H   0.999 0.000 0.000 0.000 0.000 0.001 0.000 0.000 
 827 W H   0.997 0.000 0.000 0.000 0.000 0.001 0.000 0.001 
 828 L H   0.997 0.000 0.000 0.000 0.000 0.002 0.000 0.001 
 829 N H   0.993 0.001 0.000 0.000 0.000 0.003 0.000 0.002 
 830 A H   0.982 0.003 0.000 0.001 0.000 0.011 0.001 0.002 
 831 Y H   0.954 0.006 0.000 0.002 0.000 0.027 0.004 0.006 
 832 F H   0.803 0.004 0.000 0.005 0.004 0.082 0.037 0.064 
 833 H L   0.287 0.003 0.000 0.014 0.022 0.147 0.186 0.341 
 834 Q L   0.012 0.002 0.000 0.006 0.005 0.013 0.467 0.495 
 835 P L   0.040 0.030 0.000 0.010 0.013 0.040 0.050 0.816 
 836 E L   0.069 0.070 0.000 0.012 0.021 0.039 0.101 0.689 
 837 A L   0.101 0.100 0.000 0.022 0.018 0.016 0.078 0.664 
 838 I L   0.157 0.221 0.000 0.025 0.019 0.053 0.073 0.451 
 839 E L   0.114 0.199 0.000 0.013 0.010 0.141 0.125 0.398 
 840 E L   0.078 0.174 0.000 0.009 0.012 0.168 0.141 0.418 
 841 F L   0.004 0.005 0.000 0.012 0.011 0.012 0.462 0.495 
 842 P L   0.001 0.001 0.000 0.014 0.015 0.012 0.228 0.728 
 843 V L   0.003 0.006 0.000 0.021 0.034 0.009 0.152 0.775 
 844 P L   0.005 0.040 0.000 0.009 0.007 0.007 0.018 0.913 
 845 A L   0.024 0.192 0.000 0.015 0.011 0.115 0.079 0.565 
 846 L L   0.022 0.175 0.000 0.020 0.012 0.161 0.066 0.543 
 847 H L   0.017 0.133 0.000 0.019 0.019 0.076 0.286 0.451 
 848 H L   0.012 0.038 0.000 0.016 0.007 0.027 0.329 0.571 
 849 P L   0.030 0.069 0.000 0.034 0.019 0.066 0.059 0.723 
 850 V L   0.051 0.116 0.000 0.080 0.054 0.064 0.196 0.439 
 851 F L   0.055 0.118 0.000 0.084 0.062 0.064 0.085 0.532 
 852 Q L   0.037 0.095 0.000 0.025 0.009 0.139 0.082 0.614 
 853 Q L   0.012 0.033 0.000 0.005 0.008 0.169 0.312 0.462 
 854 E L   0.006 0.015 0.000 0.003 0.007 0.075 0.434 0.460 
 855 S L   0.017 0.003 0.000 0.002 0.010 0.013 0.389 0.566 
 856 F H   0.919 0.005 0.000 0.000 0.000 0.045 0.013 0.018 
 857 T H   0.962 0.003 0.000 0.000 0.000 0.026 0.003 0.005 
 858 R H   0.988 0.003 0.000 0.000 0.000 0.004 0.001 0.003 
 859 Q H   0.995 0.001 0.000 0.000 0.000 0.001 0.000 0.002 
 860 V H   0.998 0.000 0.000 0.000 0.000 0.001 0.000 0.000 
 861 L H   0.998 0.000 0.000 0.000 0.000 0.001 0.000 0.000 
 862 W H   0.998 0.000 0.000 0.000 0.000 0.001 0.000 0.001 
 863 K H   0.995 0.001 0.000 0.000 0.000 0.003 0.000 0.001 
 864 L H   0.991 0.003 0.000 0.000 0.000 0.004 0.000 0.001 
 865 L H   0.957 0.012 0.000 0.000 0.000 0.028 0.001 0.001 
 866 K T   0.441 0.012 0.000 0.000 0.000 0.537 0.006 0.003 
 867 V T   0.211 0.011 0.000 0.000 0.000 0.744 0.021 0.011 
 868 V L   0.004 0.001 0.000 0.003 0.008 0.002 0.386 0.595 
 869 K L   0.001 0.001 0.000 0.003 0.008 0.003 0.012 0.972 
 870 F T   0.001 0.005 0.000 0.003 0.003 0.931 0.046 0.011 
 871 G T   0.001 0.003 0.000 0.015 0.001 0.917 0.049 0.014 
 872 E L   0.001 0.002 0.000 0.353 0.014 0.003 0.021 0.607 
 873 V E   0.001 0.000 0.000 0.880 0.024 0.001 0.004 0.090 
 874 I E   0.000 0.000 0.000 0.885 0.012 0.001 0.005 0.097 
 875 S E   0.001 0.000 0.000 0.705 0.022 0.000 0.003 0.267 
 876 Y H   0.952 0.003 0.000 0.008 0.000 0.010 0.002 0.025 
 877 S H   0.991 0.002 0.000 0.000 0.000 0.005 0.001 0.001 
 878 H H   0.993 0.002 0.000 0.000 0.000 0.003 0.000 0.001 
 879 L H   0.998 0.001 0.000 0.000 0.000 0.000 0.000 0.000 
 880 A H   0.995 0.001 0.000 0.000 0.000 0.002 0.000 0.000 
 881 A H   0.991 0.004 0.000 0.000 0.000 0.004 0.000 0.000 
 882 L H   0.973 0.007 0.001 0.001 0.001 0.014 0.000 0.002 
 883 A H   0.555 0.006 0.001 0.000 0.000 0.433 0.004 0.001 
 884 G T   0.024 0.004 0.000 0.000 0.000 0.950 0.013 0.008 
 885 N L   0.000 0.001 0.000 0.001 0.003 0.008 0.416 0.571 
 886 P T   0.013 0.011 0.000 0.000 0.001 0.947 0.024 0.003 
 887 A T   0.021 0.007 0.000 0.000 0.001 0.945 0.016 0.011 
 888 A H   0.753 0.010 0.001 0.001 0.007 0.016 0.052 0.160 
 889 T H   0.964 0.004 0.000 0.000 0.001 0.007 0.005 0.018 
 890 A H   0.991 0.004 0.000 0.000 0.000 0.004 0.000 0.001 
 891 A H   0.997 0.002 0.000 0.000 0.000 0.000 0.000 0.001 
 892 V H   0.996 0.001 0.000 0.000 0.000 0.001 0.000 0.001 
 893 K H   0.995 0.002 0.000 0.000 0.000 0.003 0.000 0.000 
 894 T H   0.993 0.002 0.000 0.000 0.000 0.004 0.000 0.000 
 895 A H   0.984 0.004 0.000 0.000 0.000 0.008 0.001 0.001 
 896 L H   0.930 0.014 0.000 0.001 0.000 0.050 0.002 0.002 
 897 S H   0.589 0.014 0.000 0.000 0.000 0.380 0.010 0.006 
 898 G T   0.302 0.015 0.000 0.000 0.001 0.607 0.048 0.026 
 899 N L   0.002 0.002 0.000 0.003 0.008 0.011 0.375 0.599 
 900 P S   0.001 0.020 0.000 0.003 0.007 0.074 0.558 0.336 
 901 V S   0.002 0.058 0.000 0.013 0.010 0.088 0.680 0.150 
 902 P L   0.002 0.109 0.000 0.040 0.007 0.040 0.217 0.584 
 903 I L   0.009 0.115 0.000 0.320 0.027 0.053 0.151 0.325 
 904 L E   0.008 0.059 0.000 0.483 0.142 0.037 0.083 0.189 
 905 I E   0.001 0.014 0.000 0.384 0.022 0.005 0.212 0.363 
 906 P L   0.002 0.035 0.000 0.285 0.019 0.025 0.062 0.572 
 907 C G   0.010 0.406 0.000 0.296 0.008 0.046 0.107 0.127 
 908 H G   0.011 0.442 0.000 0.409 0.005 0.043 0.042 0.047 
 909 R E   0.009 0.405 0.000 0.475 0.009 0.016 0.017 0.069 
 910 V E   0.008 0.111 0.000 0.562 0.027 0.017 0.061 0.213 
 911 V E   0.007 0.020 0.000 0.534 0.087 0.022 0.078 0.252 
 912 Q L   0.001 0.005 0.000 0.114 0.007 0.020 0.120 0.734 
 913 G S   0.003 0.015 0.000 0.023 0.009 0.232 0.382 0.335 
 914 D L   0.001 0.016 0.000 0.014 0.010 0.267 0.219 0.473 
 915 L L   0.001 0.015 0.000 0.029 0.019 0.029 0.384 0.523 
 916 D L   0.001 0.009 0.000 0.053 0.043 0.011 0.119 0.764 
 917 V L   0.003 0.016 0.000 0.051 0.070 0.049 0.129 0.681 
 918 G L   0.004 0.024 0.000 0.020 0.018 0.159 0.286 0.489 
 919 G L   0.013 0.057 0.000 0.012 0.015 0.161 0.306 0.436 
 920 Y L   0.107 0.157 0.000 0.018 0.024 0.155 0.170 0.368 
 921 E T   0.180 0.195 0.000 0.013 0.012 0.289 0.068 0.242 
 922 G T   0.264 0.173 0.001 0.010 0.013 0.270 0.053 0.216 
 923 G H   0.618 0.051 0.001 0.007 0.023 0.053 0.047 0.201 
 924 L H   0.971 0.005 0.000 0.001 0.000 0.010 0.004 0.009 
 925 A H   0.983 0.002 0.000 0.000 0.000 0.007 0.001 0.006 
 926 V H   0.990 0.002 0.000 0.000 0.000 0.004 0.001 0.003 
 927 K H   0.993 0.001 0.000 0.000 0.000 0.003 0.000 0.002 
 928 E H   0.992 0.002 0.000 0.000 0.000 0.004 0.000 0.002 
 929 W H   0.991 0.002 0.000 0.000 0.000 0.004 0.000 0.002 
 930 L H   0.991 0.002 0.000 0.000 0.000 0.005 0.000 0.002 
 931 L H   0.984 0.002 0.000 0.001 0.000 0.010 0.001 0.002 
 932 A H   0.944 0.005 0.000 0.001 0.000 0.043 0.004 0.003 
 933 H H   0.737 0.011 0.000 0.002 0.001 0.210 0.013 0.026 
 934 E T   0.309 0.013 0.000 0.001 0.001 0.598 0.020 0.058 
 935 G T   0.017 0.009 0.000 0.001 0.001 0.796 0.021 0.155 
 936 H L   0.008 0.011 0.000 0.012 0.009 0.023 0.053 0.884 
 937 R L   0.015 0.016 0.000 0.028 0.032 0.021 0.027 0.861 
 938 L L   0.005 0.021 0.000 0.014 0.012 0.101 0.054 0.793 
 939 G L   0.002 0.032 0.000 0.003 0.005 0.108 0.102 0.749 
 940 K L   0.002 0.036 0.000 0.002 0.003 0.038 0.155 0.763 
 941 P L   0.005 0.042 0.000 0.004 0.004 0.083 0.061 0.803 
 942 G L   0.003 0.027 0.000 0.004 0.004 0.068 0.049 0.846 
 943 L L   0.001 0.008 0.000 0.005 0.009 0.015 0.001 0.961 
 944 G L   0.000 0.000 0.000 0.000 0.000 0.000 0.000 0.999 
