#DeepConCNF_SS8: eight-class secondary structure prediction results 
#probabilities are in the order of H G I E B T S L(loops), the 8 secondary structure types used in DSSP 
   1 M L   0.000 0.000 0.000 0.000 0.000 0.000 0.000 0.999 
   2 A L   0.001 0.002 0.000 0.003 0.003 0.003 0.000 0.987 
   3 E L   0.002 0.006 0.000 0.006 0.005 0.012 0.017 0.952 
   4 I L   0.003 0.012 0.000 0.005 0.004 0.024 0.036 0.916 
   5 G L   0.002 0.010 0.000 0.002 0.002 0.037 0.043 0.905 
   6 T L   0.001 0.007 0.000 0.002 0.004 0.057 0.138 0.791 
   7 G L   0.001 0.005 0.000 0.009 0.013 0.040 0.203 0.730 
   8 F L   0.001 0.004 0.000 0.021 0.024 0.012 0.198 0.740 
   9 P L   0.000 0.002 0.000 0.039 0.016 0.010 0.220 0.712 
  10 F L   0.001 0.002 0.000 0.111 0.078 0.014 0.087 0.708 
  11 D L   0.000 0.001 0.000 0.123 0.008 0.004 0.062 0.801 
  12 P L   0.000 0.001 0.000 0.251 0.002 0.002 0.021 0.724 
  13 H E   0.000 0.000 0.000 0.973 0.003 0.001 0.006 0.016 
  14 Y E   0.000 0.000 0.000 0.987 0.000 0.000 0.001 0.012 
  15 V E   0.000 0.000 0.000 0.995 0.000 0.000 0.000 0.004 
  16 E E   0.000 0.000 0.000 0.996 0.000 0.000 0.000 0.004 
  17 V E   0.000 0.000 0.000 0.972 0.002 0.002 0.004 0.019 
  18 L T   0.001 0.004 0.000 0.009 0.000 0.944 0.029 0.013 
  19 G T   0.000 0.003 0.000 0.003 0.000 0.947 0.034 0.013 
  20 E E   0.001 0.001 0.000 0.926 0.008 0.012 0.021 0.031 
  21 R E   0.000 0.000 0.000 0.987 0.001 0.000 0.001 0.010 
  22 M E   0.000 0.000 0.000 0.996 0.000 0.000 0.000 0.003 
  23 H E   0.000 0.000 0.000 0.998 0.000 0.000 0.000 0.002 
  24 Y E   0.000 0.000 0.000 0.997 0.000 0.000 0.001 0.002 
  25 V E   0.000 0.000 0.000 0.994 0.000 0.000 0.001 0.004 
  26 D E   0.000 0.000 0.000 0.993 0.001 0.001 0.002 0.003 
  27 V E   0.000 0.001 0.000 0.812 0.006 0.007 0.019 0.156 
  28 G S   0.000 0.002 0.000 0.055 0.002 0.006 0.550 0.386 
  29 P L   0.000 0.005 0.000 0.012 0.014 0.028 0.205 0.735 
  30 R T   0.002 0.017 0.000 0.002 0.006 0.685 0.221 0.066 
  31 D T   0.001 0.010 0.000 0.002 0.001 0.722 0.224 0.039 
  32 G S   0.000 0.007 0.000 0.039 0.006 0.018 0.786 0.143 
  33 T L   0.001 0.001 0.000 0.183 0.020 0.003 0.071 0.722 
  34 P E   0.000 0.000 0.000 0.632 0.005 0.001 0.009 0.352 
  35 V E   0.000 0.000 0.000 0.986 0.001 0.000 0.001 0.011 
  36 L E   0.000 0.000 0.000 0.996 0.000 0.000 0.000 0.004 
  37 F E   0.000 0.000 0.000 0.997 0.000 0.000 0.000 0.002 
  38 L E   0.000 0.000 0.000 0.959 0.002 0.001 0.003 0.035 
  39 H L   0.000 0.000 0.000 0.101 0.002 0.001 0.007 0.888 
  40 G L   0.001 0.001 0.000 0.019 0.012 0.005 0.080 0.883 
  41 N T   0.005 0.014 0.000 0.003 0.006 0.680 0.193 0.099 
  42 P T   0.003 0.011 0.000 0.006 0.008 0.803 0.104 0.065 
  43 T L   0.006 0.020 0.000 0.012 0.042 0.090 0.051 0.778 
  44 S L   0.004 0.018 0.000 0.003 0.012 0.005 0.123 0.835 
  45 S G   0.109 0.767 0.001 0.000 0.001 0.067 0.037 0.018 
  46 Y G   0.103 0.832 0.001 0.000 0.001 0.046 0.008 0.010 
  47 V G   0.097 0.868 0.000 0.000 0.000 0.023 0.003 0.008 
  48 W G   0.105 0.836 0.000 0.000 0.000 0.049 0.005 0.005 
  49 R G   0.095 0.790 0.001 0.000 0.002 0.098 0.006 0.008 
  50 N G   0.064 0.678 0.001 0.000 0.000 0.245 0.007 0.004 
  51 I G   0.077 0.632 0.001 0.000 0.001 0.260 0.009 0.020 
  52 I G   0.238 0.714 0.000 0.000 0.000 0.022 0.014 0.011 
  53 P G   0.244 0.715 0.000 0.000 0.000 0.029 0.003 0.009 
  54 H G   0.279 0.646 0.001 0.001 0.001 0.060 0.003 0.010 
  55 V H   0.338 0.183 0.003 0.010 0.046 0.147 0.142 0.131 
  56 A L   0.096 0.056 0.001 0.007 0.019 0.253 0.084 0.484 
  57 P T   0.022 0.047 0.000 0.001 0.005 0.850 0.059 0.015 
  58 T T   0.014 0.042 0.000 0.004 0.001 0.835 0.099 0.004 
  59 H S   0.000 0.003 0.000 0.090 0.002 0.003 0.833 0.069 
  60 R E   0.000 0.000 0.000 0.878 0.030 0.001 0.005 0.086 
  61 C E   0.000 0.000 0.000 0.992 0.001 0.000 0.000 0.006 
  62 I E   0.000 0.000 0.000 0.993 0.000 0.000 0.000 0.006 
  63 A E   0.000 0.000 0.000 0.976 0.004 0.000 0.003 0.017 
  64 P E   0.000 0.000 0.000 0.765 0.017 0.002 0.011 0.204 
  65 D L   0.000 0.000 0.000 0.067 0.006 0.001 0.008 0.918 
  66 L L   0.001 0.001 0.000 0.014 0.039 0.004 0.029 0.912 
  67 I T   0.003 0.012 0.000 0.001 0.005 0.943 0.025 0.010 
  68 G T   0.002 0.014 0.000 0.002 0.004 0.937 0.029 0.012 
  69 M S   0.004 0.041 0.000 0.010 0.039 0.164 0.616 0.125 
  70 G T   0.006 0.019 0.000 0.015 0.036 0.643 0.184 0.097 
  71 K T   0.003 0.020 0.000 0.018 0.034 0.633 0.116 0.175 
  72 S L   0.003 0.008 0.000 0.009 0.033 0.039 0.361 0.547 
  73 D S   0.001 0.006 0.000 0.002 0.006 0.021 0.525 0.439 
  74 K S   0.001 0.013 0.000 0.002 0.011 0.041 0.514 0.418 
  75 P L   0.006 0.113 0.000 0.002 0.008 0.252 0.082 0.537 
  76 D L   0.006 0.140 0.000 0.003 0.009 0.287 0.136 0.420 
  77 L L   0.007 0.129 0.000 0.009 0.019 0.234 0.141 0.460 
  78 G L   0.005 0.039 0.000 0.021 0.047 0.205 0.115 0.569 
  79 Y L   0.004 0.004 0.000 0.044 0.075 0.023 0.143 0.707 
  80 F L   0.024 0.001 0.001 0.046 0.167 0.009 0.258 0.495 
  81 F H   0.970 0.003 0.000 0.001 0.000 0.014 0.005 0.006 
  82 D H   0.991 0.002 0.000 0.000 0.000 0.005 0.001 0.001 
  83 D H   0.994 0.002 0.000 0.000 0.000 0.003 0.001 0.001 
  84 H H   0.998 0.000 0.000 0.000 0.000 0.001 0.000 0.001 
  85 V H   0.998 0.000 0.000 0.000 0.000 0.001 0.000 0.000 
  86 R H   0.998 0.000 0.000 0.000 0.000 0.002 0.000 0.000 
  87 F H   0.997 0.000 0.000 0.000 0.000 0.002 0.000 0.000 
  88 M H   0.998 0.000 0.000 0.000 0.000 0.001 0.000 0.001 
  89 D H   0.998 0.000 0.000 0.000 0.000 0.001 0.000 0.000 
  90 A H   0.998 0.000 0.000 0.000 0.000 0.001 0.000 0.000 
  91 F H   0.998 0.000 0.000 0.000 0.000 0.001 0.000 0.000 
  92 I H   0.998 0.001 0.000 0.000 0.000 0.001 0.000 0.000 
  93 E H   0.994 0.002 0.000 0.000 0.000 0.003 0.000 0.000 
  94 A H   0.978 0.004 0.000 0.000 0.000 0.014 0.001 0.002 
  95 L H   0.587 0.006 0.000 0.000 0.000 0.379 0.021 0.007 
  96 G T   0.008 0.001 0.000 0.000 0.000 0.888 0.018 0.085 
  97 L L   0.000 0.001 0.000 0.011 0.007 0.006 0.011 0.963 
  98 E S   0.001 0.003 0.000 0.012 0.002 0.011 0.560 0.410 
  99 E L   0.000 0.003 0.000 0.135 0.002 0.016 0.256 0.588 
 100 V E   0.000 0.001 0.000 0.925 0.004 0.001 0.007 0.062 
 101 V E   0.000 0.000 0.000 0.995 0.000 0.000 0.000 0.004 
 102 L E   0.000 0.000 0.000 0.996 0.000 0.000 0.000 0.004 
 103 V E   0.000 0.000 0.000 0.997 0.000 0.000 0.000 0.002 
 104 I E   0.000 0.000 0.000 0.994 0.000 0.000 0.000 0.006 
 105 H E   0.001 0.001 0.000 0.961 0.005 0.004 0.007 0.022 
 106 D T   0.031 0.004 0.001 0.007 0.001 0.826 0.103 0.028 
 107 W H   0.831 0.005 0.001 0.000 0.000 0.157 0.003 0.002 
 108 G H   0.980 0.002 0.000 0.000 0.000 0.007 0.005 0.004 
 109 S H   0.994 0.001 0.000 0.001 0.000 0.003 0.000 0.000 
 110 A H   0.998 0.000 0.000 0.000 0.000 0.000 0.000 0.000 
 111 L H   0.998 0.000 0.000 0.000 0.000 0.001 0.000 0.001 
 112 G H   0.997 0.000 0.000 0.000 0.000 0.002 0.000 0.000 
 113 F H   0.993 0.001 0.000 0.000 0.000 0.005 0.000 0.001 
 114 H H   0.992 0.002 0.000 0.000 0.000 0.004 0.000 0.001 
 115 W H   0.991 0.005 0.000 0.000 0.000 0.003 0.001 0.001 
 116 A H   0.982 0.007 0.000 0.000 0.000 0.010 0.000 0.001 
 117 K H   0.948 0.005 0.000 0.000 0.000 0.044 0.002 0.001 
 118 R H   0.906 0.002 0.000 0.001 0.001 0.069 0.013 0.007 
 119 N L   0.012 0.002 0.000 0.001 0.002 0.027 0.108 0.848 
 120 P T   0.013 0.215 0.000 0.001 0.001 0.736 0.020 0.015 
 121 E T   0.005 0.189 0.000 0.000 0.000 0.796 0.010 0.001 
 122 R T   0.003 0.194 0.000 0.005 0.000 0.741 0.050 0.006 
 123 V E   0.001 0.002 0.000 0.773 0.052 0.006 0.013 0.152 
 124 K E   0.000 0.000 0.000 0.780 0.001 0.000 0.104 0.115 
 125 G E   0.000 0.000 0.000 0.978 0.001 0.002 0.003 0.015 
 126 I E   0.000 0.000 0.000 0.998 0.000 0.000 0.000 0.001 
 127 A E   0.000 0.000 0.000 0.995 0.000 0.000 0.000 0.005 
 128 F E   0.000 0.000 0.000 0.993 0.001 0.000 0.000 0.005 
 129 M E   0.000 0.000 0.000 0.833 0.011 0.003 0.027 0.126 
 130 E S   0.000 0.001 0.000 0.043 0.001 0.004 0.906 0.046 
 131 F L   0.000 0.001 0.000 0.017 0.013 0.004 0.201 0.765 
 132 I L   0.000 0.001 0.000 0.024 0.054 0.003 0.100 0.817 
 133 R L   0.000 0.001 0.000 0.015 0.031 0.010 0.291 0.652 
 134 P L   0.000 0.001 0.000 0.010 0.021 0.012 0.099 0.855 
 135 I L   0.001 0.002 0.000 0.007 0.017 0.008 0.025 0.940 
 136 P L   0.002 0.012 0.000 0.002 0.008 0.037 0.162 0.776 
 137 T L   0.009 0.081 0.000 0.001 0.003 0.107 0.149 0.650 
 138 W L   0.083 0.310 0.000 0.002 0.005 0.107 0.119 0.374 
 139 D L   0.108 0.321 0.000 0.001 0.003 0.093 0.148 0.326 
 140 E L   0.210 0.265 0.000 0.001 0.003 0.094 0.085 0.342 
 141 W H   0.528 0.021 0.000 0.003 0.011 0.027 0.145 0.264 
 142 P H   0.597 0.003 0.000 0.002 0.003 0.016 0.020 0.359 
 143 E H   0.969 0.004 0.000 0.000 0.000 0.015 0.003 0.008 
 144 F H   0.979 0.004 0.000 0.000 0.000 0.012 0.001 0.003 
 145 A H   0.984 0.004 0.000 0.000 0.000 0.006 0.001 0.005 
 146 R H   0.995 0.002 0.000 0.000 0.000 0.001 0.000 0.001 
 147 E H   0.995 0.001 0.000 0.000 0.000 0.002 0.000 0.001 
 148 T H   0.992 0.002 0.000 0.000 0.000 0.004 0.000 0.002 
 149 F H   0.989 0.002 0.000 0.000 0.000 0.005 0.001 0.003 
 150 Q H   0.963 0.009 0.000 0.000 0.000 0.024 0.001 0.002 
 151 A H   0.877 0.016 0.000 0.001 0.000 0.098 0.004 0.003 
 152 F H   0.745 0.025 0.001 0.010 0.002 0.167 0.020 0.031 
 153 R H   0.475 0.018 0.001 0.027 0.018 0.286 0.043 0.132 
 154 T L   0.208 0.015 0.001 0.042 0.050 0.271 0.138 0.276 
 155 T S   0.057 0.006 0.000 0.021 0.006 0.050 0.732 0.126 
 156 D L   0.104 0.012 0.000 0.026 0.023 0.142 0.257 0.435 
 157 V T   0.315 0.028 0.000 0.030 0.008 0.386 0.115 0.117 
 158 G H   0.356 0.031 0.000 0.065 0.008 0.319 0.079 0.141 
 159 R H   0.415 0.042 0.001 0.132 0.022 0.086 0.101 0.202 
 160 K H   0.406 0.030 0.001 0.189 0.009 0.052 0.042 0.271 
 161 L E   0.310 0.028 0.001 0.405 0.018 0.082 0.073 0.083 
 162 I E   0.258 0.017 0.001 0.494 0.035 0.072 0.050 0.072 
 163 I E   0.204 0.009 0.000 0.406 0.065 0.037 0.051 0.227 
 164 D L   0.088 0.008 0.000 0.043 0.003 0.048 0.051 0.759 
 165 Q H   0.474 0.050 0.000 0.014 0.001 0.383 0.051 0.027 
 166 N H   0.538 0.042 0.001 0.044 0.004 0.305 0.048 0.018 
 167 V H   0.583 0.038 0.001 0.105 0.017 0.046 0.054 0.155 
 168 F H   0.607 0.016 0.001 0.163 0.043 0.023 0.036 0.112 
 169 I H   0.571 0.019 0.000 0.158 0.028 0.033 0.044 0.147 
 170 E H   0.470 0.038 0.001 0.084 0.009 0.285 0.042 0.072 
 171 G T   0.123 0.030 0.000 0.036 0.004 0.562 0.133 0.111 
 172 T S   0.072 0.033 0.000 0.064 0.065 0.210 0.365 0.190 
 173 L S   0.016 0.025 0.000 0.067 0.030 0.074 0.573 0.215 
 174 P L   0.007 0.043 0.000 0.052 0.041 0.106 0.080 0.671 
 175 M T   0.014 0.059 0.000 0.035 0.029 0.346 0.271 0.246 
 176 G L   0.004 0.032 0.000 0.049 0.012 0.268 0.300 0.336 
 177 V L   0.002 0.015 0.000 0.140 0.063 0.032 0.188 0.560 
 178 V S   0.004 0.004 0.000 0.215 0.180 0.022 0.301 0.275 
 179 R L   0.000 0.001 0.000 0.149 0.031 0.005 0.163 0.652 
 180 P L   0.001 0.001 0.000 0.099 0.049 0.003 0.034 0.814 
 181 L L   0.003 0.001 0.000 0.053 0.070 0.004 0.030 0.838 
 182 T L   0.008 0.003 0.000 0.016 0.022 0.004 0.028 0.919 
 183 E H   0.737 0.155 0.000 0.002 0.001 0.059 0.020 0.025 
 184 V H   0.707 0.208 0.001 0.002 0.001 0.055 0.014 0.012 
 185 E H   0.651 0.328 0.000 0.000 0.000 0.014 0.002 0.004 
 186 M H   0.633 0.341 0.001 0.000 0.001 0.017 0.002 0.004 
 187 D H   0.520 0.358 0.001 0.000 0.001 0.108 0.007 0.004 
 188 H H   0.347 0.337 0.001 0.001 0.002 0.269 0.023 0.020 
 189 Y T   0.145 0.233 0.002 0.003 0.012 0.369 0.100 0.136 
 190 R G   0.112 0.264 0.002 0.019 0.134 0.259 0.097 0.112 
 191 E G   0.080 0.478 0.001 0.008 0.012 0.088 0.225 0.106 
 192 P G   0.070 0.675 0.001 0.012 0.007 0.128 0.038 0.070 
 193 F G   0.077 0.637 0.001 0.019 0.013 0.163 0.042 0.049 
 194 L G   0.053 0.344 0.001 0.024 0.067 0.162 0.227 0.123 
 195 N S   0.002 0.008 0.000 0.009 0.013 0.018 0.532 0.418 
 196 P T   0.023 0.083 0.000 0.003 0.010 0.699 0.080 0.101 
 197 V T   0.013 0.096 0.000 0.002 0.005 0.748 0.070 0.065 
 198 D T   0.012 0.120 0.000 0.001 0.004 0.483 0.080 0.299 
 199 R L   0.018 0.076 0.000 0.005 0.013 0.168 0.185 0.536 
 200 E L   0.032 0.141 0.000 0.012 0.026 0.107 0.136 0.546 
 201 P G   0.051 0.406 0.000 0.018 0.006 0.090 0.035 0.394 
 202 L G   0.059 0.533 0.000 0.065 0.009 0.101 0.076 0.157 
 203 W G   0.059 0.481 0.000 0.133 0.030 0.141 0.058 0.096 
 204 R G   0.045 0.347 0.000 0.132 0.066 0.154 0.060 0.196 
 205 F L   0.002 0.005 0.000 0.032 0.008 0.032 0.433 0.487 
 206 P L   0.006 0.010 0.000 0.013 0.017 0.249 0.065 0.639 
 207 N T   0.015 0.024 0.000 0.002 0.003 0.669 0.111 0.176 
 208 E T   0.013 0.031 0.000 0.003 0.003 0.618 0.152 0.179 
 209 L L   0.009 0.020 0.000 0.010 0.015 0.023 0.419 0.504 
 210 P L   0.016 0.017 0.000 0.023 0.019 0.021 0.035 0.870 
 211 I L   0.029 0.032 0.000 0.062 0.086 0.098 0.068 0.624 
 212 A L   0.023 0.027 0.000 0.048 0.024 0.295 0.101 0.482 
 213 G L   0.025 0.018 0.000 0.019 0.013 0.220 0.297 0.406 
 214 E L   0.095 0.011 0.000 0.013 0.041 0.021 0.236 0.582 
 215 P H   0.785 0.032 0.000 0.002 0.002 0.046 0.035 0.099 
 216 A H   0.889 0.044 0.000 0.002 0.001 0.030 0.018 0.015 
 217 N H   0.909 0.047 0.001 0.002 0.001 0.014 0.007 0.020 
 218 I H   0.944 0.038 0.000 0.002 0.000 0.008 0.002 0.005 
 219 V H   0.941 0.039 0.001 0.002 0.000 0.012 0.002 0.003 
 220 A H   0.904 0.042 0.000 0.001 0.000 0.049 0.002 0.002 
 221 L H   0.858 0.044 0.000 0.000 0.000 0.087 0.004 0.006 
 222 V H   0.865 0.054 0.001 0.000 0.001 0.028 0.007 0.045 
 223 E H   0.901 0.071 0.001 0.000 0.000 0.021 0.002 0.004 
 224 E H   0.884 0.078 0.000 0.000 0.000 0.033 0.001 0.003 
 225 Y H   0.886 0.086 0.000 0.000 0.000 0.018 0.004 0.005 
 226 M H   0.885 0.090 0.001 0.001 0.001 0.016 0.003 0.004 
 227 D H   0.823 0.107 0.001 0.000 0.000 0.065 0.002 0.002 
 228 W H   0.779 0.144 0.000 0.000 0.000 0.067 0.004 0.005 
 229 L H   0.555 0.265 0.000 0.001 0.001 0.119 0.013 0.046 
 230 H T   0.094 0.262 0.000 0.000 0.000 0.612 0.014 0.018 
 231 Q T   0.036 0.240 0.000 0.001 0.001 0.689 0.020 0.013 
 232 S L   0.001 0.009 0.000 0.002 0.007 0.006 0.134 0.842 
 233 P L   0.000 0.002 0.000 0.005 0.018 0.010 0.269 0.695 
 234 V S   0.000 0.001 0.000 0.008 0.004 0.002 0.919 0.067 
 235 P L   0.000 0.001 0.000 0.039 0.001 0.001 0.010 0.949 
 236 K E   0.000 0.000 0.000 0.981 0.004 0.000 0.001 0.013 
 237 L E   0.000 0.000 0.000 0.999 0.000 0.000 0.000 0.001 
 238 L E   0.000 0.000 0.000 0.998 0.000 0.000 0.000 0.001 
 239 F E   0.000 0.000 0.000 0.996 0.000 0.000 0.000 0.004 
 240 W E   0.000 0.000 0.000 0.969 0.002 0.001 0.006 0.023 
 241 G E   0.001 0.001 0.000 0.678 0.009 0.005 0.068 0.238 
 242 T S   0.001 0.004 0.000 0.147 0.021 0.083 0.399 0.345 
 243 P T   0.001 0.005 0.000 0.009 0.004 0.785 0.176 0.021 
 244 G T   0.001 0.008 0.000 0.013 0.005 0.628 0.194 0.151 
 245 V S   0.001 0.005 0.000 0.103 0.042 0.017 0.553 0.279 
 246 L S   0.001 0.001 0.000 0.137 0.086 0.010 0.412 0.353 
 247 I S   0.001 0.001 0.000 0.098 0.059 0.002 0.464 0.376 
 248 P L   0.003 0.001 0.000 0.023 0.005 0.001 0.008 0.959 
 249 P H   0.907 0.043 0.000 0.000 0.000 0.032 0.007 0.010 
 250 A H   0.928 0.044 0.000 0.000 0.000 0.023 0.002 0.002 
 251 E H   0.945 0.043 0.000 0.000 0.000 0.008 0.001 0.003 
 252 A H   0.987 0.006 0.000 0.000 0.000 0.004 0.000 0.002 
 253 A H   0.993 0.003 0.000 0.000 0.000 0.003 0.000 0.000 
 254 R H   0.993 0.002 0.000 0.000 0.000 0.003 0.000 0.001 
 255 L H   0.995 0.003 0.000 0.000 0.000 0.001 0.000 0.000 
 256 A H   0.982 0.005 0.000 0.000 0.000 0.010 0.000 0.001 
 257 K H   0.913 0.005 0.000 0.000 0.000 0.080 0.001 0.001 
 258 S H   0.853 0.004 0.000 0.001 0.001 0.131 0.006 0.003 
 259 L L   0.003 0.001 0.000 0.001 0.002 0.015 0.361 0.617 
 260 P T   0.002 0.007 0.000 0.002 0.002 0.903 0.068 0.016 
 261 N T   0.001 0.004 0.000 0.007 0.000 0.890 0.079 0.018 
 262 C E   0.000 0.002 0.000 0.474 0.005 0.005 0.050 0.465 
 263 K E   0.000 0.000 0.000 0.924 0.004 0.000 0.005 0.065 
 264 A E   0.000 0.000 0.000 0.985 0.001 0.000 0.001 0.012 
 265 V E   0.000 0.001 0.000 0.980 0.000 0.000 0.001 0.018 
 266 D E   0.001 0.001 0.000 0.950 0.005 0.001 0.003 0.040 
 267 I E   0.001 0.001 0.000 0.523 0.006 0.004 0.024 0.441 
 268 G L   0.006 0.014 0.000 0.121 0.004 0.178 0.286 0.391 
 269 P L   0.010 0.016 0.000 0.069 0.007 0.215 0.332 0.351 
 270 G L   0.042 0.027 0.000 0.162 0.067 0.058 0.143 0.501 
 271 L L   0.090 0.034 0.000 0.157 0.045 0.084 0.125 0.465 
 272 N T   0.157 0.043 0.000 0.092 0.012 0.257 0.199 0.240 
 273 L L   0.240 0.037 0.000 0.075 0.011 0.228 0.081 0.328 
 274 L H   0.462 0.029 0.000 0.078 0.025 0.068 0.027 0.311 
 275 Q H   0.491 0.034 0.000 0.073 0.015 0.057 0.040 0.290 
 276 E H   0.507 0.041 0.000 0.065 0.013 0.136 0.068 0.169 
 277 D H   0.446 0.031 0.000 0.033 0.014 0.153 0.139 0.184 
 278 N L   0.123 0.004 0.000 0.002 0.002 0.016 0.148 0.705 
 279 P H   0.831 0.009 0.000 0.001 0.001 0.035 0.021 0.101 
 280 D H   0.944 0.006 0.000 0.003 0.001 0.019 0.013 0.015 
 281 L H   0.964 0.006 0.000 0.002 0.000 0.007 0.004 0.017 
 282 I H   0.986 0.001 0.000 0.001 0.000 0.002 0.002 0.009 
 283 G H   0.995 0.001 0.000 0.001 0.000 0.001 0.001 0.002 
 284 S H   0.994 0.001 0.000 0.001 0.000 0.001 0.000 0.002 
 285 E H   0.993 0.001 0.000 0.001 0.000 0.002 0.000 0.002 
 286 I H   0.988 0.002 0.000 0.002 0.000 0.004 0.001 0.002 
 287 A H   0.960 0.006 0.000 0.002 0.000 0.027 0.002 0.002 
 288 R H   0.856 0.013 0.000 0.004 0.000 0.113 0.006 0.008 
 289 W H   0.745 0.017 0.001 0.050 0.001 0.148 0.020 0.017 
 290 L E   0.271 0.018 0.001 0.404 0.008 0.094 0.119 0.085 
 291 S E   0.063 0.016 0.000 0.587 0.004 0.111 0.159 0.060 
 292 T E   0.023 0.012 0.000 0.796 0.005 0.037 0.013 0.114 
 293 L E   0.004 0.004 0.000 0.836 0.002 0.002 0.017 0.135 
 294 E E   0.001 0.001 0.000 0.904 0.005 0.002 0.005 0.081 
 295 I E   0.001 0.001 0.000 0.843 0.009 0.002 0.004 0.139 
 296 S L   0.000 0.002 0.000 0.442 0.006 0.012 0.051 0.486 
 297 G S   0.001 0.005 0.000 0.186 0.014 0.015 0.491 0.289 
 298 L L   0.000 0.002 0.000 0.063 0.002 0.005 0.064 0.863 
 299 I L   0.001 0.003 0.000 0.176 0.006 0.003 0.014 0.796 
 300 E E   0.001 0.002 0.000 0.522 0.030 0.002 0.006 0.436 
 301 V E   0.001 0.005 0.000 0.553 0.026 0.005 0.021 0.390 
 302 E E   0.001 0.003 0.000 0.453 0.026 0.017 0.195 0.304 
 303 K S   0.000 0.001 0.000 0.260 0.014 0.005 0.498 0.221 
 304 P L   0.000 0.001 0.000 0.100 0.008 0.003 0.067 0.822 
 305 L L   0.000 0.001 0.000 0.088 0.009 0.007 0.033 0.863 
 306 Y L   0.000 0.002 0.000 0.207 0.012 0.019 0.270 0.489 
 307 G L   0.000 0.003 0.000 0.438 0.005 0.010 0.039 0.506 
 308 V E   0.001 0.002 0.000 0.768 0.009 0.002 0.014 0.204 
 309 E E   0.000 0.001 0.000 0.868 0.005 0.001 0.004 0.121 
 310 V E   0.000 0.001 0.000 0.849 0.014 0.001 0.004 0.131 
 311 F E   0.000 0.001 0.000 0.591 0.014 0.003 0.012 0.379 
 312 V T   0.001 0.005 0.000 0.024 0.001 0.936 0.020 0.013 
 313 G T   0.000 0.003 0.000 0.003 0.000 0.963 0.018 0.012 
 314 E L   0.000 0.002 0.000 0.041 0.001 0.010 0.236 0.709 
 315 T E   0.001 0.001 0.000 0.550 0.020 0.007 0.014 0.407 
 316 A E   0.000 0.000 0.000 0.983 0.001 0.000 0.002 0.013 
 317 H E   0.000 0.000 0.000 0.996 0.000 0.000 0.000 0.004 
 318 F E   0.000 0.000 0.000 0.996 0.000 0.000 0.001 0.003 
 319 E E   0.000 0.000 0.000 0.990 0.000 0.000 0.001 0.008 
 320 I E   0.000 0.000 0.000 0.986 0.000 0.000 0.001 0.012 
 321 E E   0.000 0.000 0.000 0.975 0.001 0.000 0.000 0.023 
 322 L E   0.000 0.000 0.000 0.771 0.004 0.000 0.004 0.220 
 323 S L   0.000 0.001 0.000 0.311 0.013 0.010 0.235 0.429 
 324 E S   0.000 0.004 0.000 0.043 0.005 0.034 0.700 0.215 
 325 P S   0.000 0.007 0.000 0.017 0.005 0.085 0.450 0.437 
 326 D L   0.000 0.005 0.000 0.069 0.004 0.090 0.169 0.662 
 327 V E   0.001 0.002 0.000 0.493 0.014 0.034 0.076 0.380 
 328 H E   0.000 0.001 0.000 0.799 0.003 0.003 0.013 0.181 
 329 G E   0.000 0.000 0.000 0.919 0.001 0.000 0.002 0.077 
 330 Q E   0.000 0.000 0.000 0.977 0.000 0.000 0.001 0.022 
 331 W E   0.000 0.000 0.000 0.993 0.000 0.000 0.001 0.006 
 332 K E   0.000 0.000 0.000 0.991 0.000 0.000 0.000 0.008 
 333 L E   0.000 0.000 0.000 0.971 0.004 0.002 0.008 0.014 
 334 K T   0.001 0.001 0.000 0.008 0.000 0.964 0.020 0.006 
 335 G T   0.000 0.001 0.000 0.006 0.000 0.961 0.019 0.012 
 336 Q E   0.000 0.000 0.000 0.968 0.011 0.005 0.007 0.009 
 337 P E   0.000 0.000 0.000 0.961 0.011 0.000 0.002 0.026 
 338 L L   0.000 0.001 0.000 0.029 0.001 0.001 0.017 0.951 
 339 A L   0.002 0.010 0.000 0.011 0.013 0.013 0.093 0.858 
 340 A L   0.002 0.008 0.000 0.020 0.067 0.017 0.254 0.631 
 341 S L   0.000 0.003 0.000 0.016 0.019 0.005 0.116 0.841 
 342 P T   0.001 0.005 0.000 0.004 0.007 0.548 0.345 0.090 
 343 D T   0.000 0.003 0.000 0.032 0.001 0.581 0.305 0.077 
 344 C E   0.000 0.001 0.000 0.826 0.010 0.002 0.055 0.106 
 345 E E   0.000 0.000 0.000 0.984 0.001 0.000 0.006 0.009 
 346 I E   0.000 0.000 0.000 0.992 0.000 0.000 0.000 0.007 
 347 I E   0.000 0.000 0.000 0.996 0.000 0.000 0.000 0.003 
 348 E E   0.000 0.000 0.000 0.988 0.001 0.001 0.001 0.009 
 349 D E   0.000 0.003 0.000 0.827 0.005 0.018 0.026 0.120 
 350 G T   0.001 0.005 0.000 0.006 0.001 0.714 0.256 0.017 
 351 K T   0.001 0.005 0.000 0.007 0.000 0.703 0.265 0.019 
 352 K E   0.000 0.001 0.000 0.912 0.007 0.006 0.020 0.054 
 353 H E   0.000 0.000 0.000 0.988 0.001 0.000 0.002 0.009 
 354 I E   0.000 0.000 0.000 0.996 0.000 0.000 0.001 0.003 
 355 L E   0.000 0.000 0.000 0.996 0.000 0.000 0.000 0.003 
 356 I E   0.000 0.000 0.000 0.996 0.000 0.001 0.001 0.002 
 357 L E   0.000 0.000 0.000 0.969 0.003 0.003 0.005 0.019 
 358 H L   0.000 0.001 0.000 0.289 0.002 0.007 0.275 0.426 
 359 N S   0.000 0.001 0.000 0.088 0.008 0.013 0.627 0.263 
 360 C L   0.000 0.001 0.000 0.020 0.012 0.002 0.021 0.944 
 361 Q L   0.001 0.014 0.000 0.012 0.024 0.005 0.034 0.910 
 362 L T   0.018 0.354 0.000 0.005 0.003 0.410 0.086 0.124 
 363 G T   0.014 0.379 0.000 0.005 0.002 0.423 0.083 0.094 
 364 M G   0.013 0.356 0.000 0.019 0.009 0.062 0.209 0.331 
 365 T L   0.002 0.016 0.000 0.091 0.004 0.020 0.077 0.789 
 366 G E   0.001 0.003 0.000 0.792 0.007 0.008 0.079 0.110 
 367 E E   0.000 0.000 0.000 0.943 0.001 0.001 0.011 0.043 
 368 V E   0.000 0.000 0.000 0.977 0.000 0.000 0.004 0.018 
 369 S E   0.000 0.000 0.000 0.997 0.000 0.000 0.000 0.003 
 370 F E   0.000 0.000 0.000 0.996 0.000 0.000 0.000 0.004 
 371 Q E   0.000 0.000 0.000 0.995 0.000 0.000 0.000 0.005 
 372 A E   0.000 0.000 0.000 0.994 0.000 0.000 0.001 0.004 
 373 A E   0.000 0.000 0.000 0.900 0.002 0.001 0.008 0.089 
 374 N E   0.000 0.001 0.000 0.493 0.010 0.005 0.087 0.403 
 375 T S   0.000 0.003 0.000 0.009 0.001 0.320 0.650 0.017 
 376 K S   0.000 0.005 0.000 0.012 0.000 0.327 0.599 0.057 
 377 S E   0.000 0.002 0.000 0.609 0.006 0.006 0.064 0.312 
 378 A E   0.000 0.000 0.000 0.931 0.002 0.001 0.006 0.061 
 379 A E   0.000 0.000 0.000 0.978 0.000 0.000 0.001 0.021 
 380 N E   0.000 0.000 0.000 0.991 0.000 0.000 0.001 0.008 
 381 L E   0.000 0.000 0.000 0.994 0.000 0.000 0.001 0.004 
 382 K E   0.000 0.000 0.000 0.995 0.000 0.000 0.000 0.005 
 383 V E   0.000 0.000 0.000 0.983 0.000 0.000 0.001 0.016 
 384 K E   0.000 0.000 0.000 0.927 0.001 0.001 0.010 0.060 
 385 E E   0.000 0.001 0.000 0.786 0.008 0.002 0.016 0.186 
 386 L L   0.000 0.003 0.000 0.089 0.001 0.010 0.051 0.846 
 387 R L   0.001 0.014 0.000 0.044 0.010 0.024 0.214 0.693 
 388 S L   0.001 0.018 0.000 0.073 0.023 0.010 0.083 0.793 
 389 L L   0.004 0.021 0.000 0.134 0.019 0.013 0.045 0.764 
 390 E L   0.003 0.012 0.000 0.215 0.031 0.022 0.116 0.602 
 391 L L   0.001 0.006 0.000 0.277 0.008 0.013 0.063 0.631 
 392 I L   0.001 0.002 0.000 0.415 0.003 0.002 0.023 0.554 
 393 E E   0.001 0.002 0.000 0.796 0.008 0.001 0.006 0.187 
 394 V E   0.001 0.002 0.000 0.854 0.004 0.001 0.004 0.135 
 395 E E   0.001 0.002 0.000 0.822 0.009 0.007 0.027 0.132 
 396 K E   0.000 0.001 0.000 0.550 0.011 0.005 0.105 0.328 
 397 P L   0.000 0.001 0.000 0.168 0.004 0.002 0.037 0.788 
 398 L L   0.000 0.001 0.000 0.134 0.006 0.008 0.055 0.794 
 399 Y L   0.001 0.004 0.000 0.318 0.015 0.024 0.191 0.447 
 400 G E   0.000 0.003 0.000 0.550 0.004 0.012 0.046 0.384 
 401 V E   0.001 0.002 0.000 0.839 0.007 0.002 0.012 0.137 
 402 E E   0.000 0.001 0.000 0.915 0.004 0.001 0.004 0.075 
 403 V E   0.000 0.001 0.000 0.891 0.009 0.000 0.003 0.095 
 404 F E   0.000 0.001 0.000 0.624 0.011 0.003 0.011 0.349 
 405 V T   0.001 0.006 0.000 0.024 0.001 0.932 0.020 0.016 
 406 G T   0.000 0.003 0.000 0.002 0.000 0.960 0.018 0.015 
 407 E L   0.000 0.002 0.000 0.049 0.001 0.013 0.204 0.730 
 408 T E   0.001 0.001 0.000 0.642 0.019 0.007 0.016 0.315 
 409 A E   0.000 0.000 0.000 0.984 0.001 0.000 0.002 0.013 
 410 H E   0.000 0.000 0.000 0.995 0.000 0.000 0.000 0.004 
 411 F E   0.000 0.000 0.000 0.996 0.000 0.000 0.001 0.002 
 412 E E   0.000 0.000 0.000 0.993 0.000 0.000 0.001 0.006 
 413 I E   0.000 0.000 0.000 0.990 0.000 0.000 0.000 0.009 
 414 E E   0.000 0.000 0.000 0.980 0.001 0.000 0.000 0.019 
 415 L E   0.000 0.000 0.000 0.789 0.005 0.000 0.003 0.202 
 416 S L   0.000 0.001 0.000 0.302 0.013 0.006 0.226 0.451 
 417 E S   0.000 0.003 0.000 0.042 0.003 0.017 0.818 0.117 
 418 P L   0.000 0.004 0.000 0.032 0.007 0.022 0.309 0.626 
 419 D L   0.000 0.003 0.000 0.140 0.011 0.010 0.064 0.772 
 420 V L   0.000 0.001 0.000 0.465 0.007 0.007 0.034 0.487 
 421 H E   0.000 0.000 0.000 0.931 0.002 0.001 0.008 0.056 
 422 G E   0.000 0.000 0.000 0.978 0.000 0.000 0.001 0.020 
 423 Q E   0.000 0.000 0.000 0.989 0.000 0.000 0.000 0.010 
 424 W E   0.000 0.000 0.000 0.995 0.000 0.000 0.001 0.004 
 425 K E   0.000 0.000 0.000 0.991 0.000 0.000 0.000 0.009 
 426 L E   0.000 0.000 0.000 0.970 0.004 0.002 0.008 0.016 
 427 K T   0.001 0.001 0.000 0.008 0.000 0.963 0.020 0.007 
 428 G T   0.000 0.001 0.000 0.005 0.000 0.961 0.019 0.012 
 429 Q E   0.000 0.000 0.000 0.967 0.011 0.004 0.007 0.010 
 430 P E   0.000 0.000 0.000 0.961 0.011 0.000 0.002 0.026 
 431 L L   0.000 0.001 0.000 0.028 0.001 0.001 0.018 0.951 
 432 A L   0.002 0.010 0.000 0.010 0.012 0.016 0.114 0.835 
 433 A L   0.002 0.008 0.000 0.019 0.060 0.017 0.278 0.615 
 434 S L   0.001 0.003 0.000 0.017 0.019 0.005 0.111 0.844 
 435 P T   0.001 0.005 0.000 0.005 0.007 0.585 0.303 0.094 
 436 D T   0.000 0.004 0.000 0.040 0.001 0.614 0.263 0.077 
 437 C E   0.000 0.001 0.000 0.814 0.010 0.002 0.054 0.119 
 438 E E   0.000 0.000 0.000 0.982 0.001 0.000 0.006 0.011 
 439 I E   0.000 0.000 0.000 0.990 0.000 0.000 0.001 0.009 
 440 I E   0.000 0.000 0.000 0.993 0.000 0.000 0.000 0.006 
 441 E E   0.000 0.000 0.000 0.971 0.002 0.004 0.002 0.021 
 442 D E   0.001 0.006 0.000 0.703 0.006 0.053 0.038 0.193 
 443 G T   0.001 0.008 0.000 0.014 0.001 0.598 0.349 0.030 
 444 K T   0.001 0.008 0.000 0.026 0.001 0.573 0.349 0.041 
 445 K E   0.001 0.001 0.000 0.874 0.006 0.008 0.030 0.081 
 446 H E   0.000 0.000 0.000 0.985 0.001 0.000 0.003 0.010 
 447 I E   0.000 0.000 0.000 0.996 0.000 0.000 0.001 0.003 
 448 L E   0.000 0.000 0.000 0.995 0.000 0.000 0.001 0.004 
 449 I E   0.000 0.000 0.000 0.995 0.000 0.001 0.001 0.003 
 450 L E   0.000 0.001 0.000 0.966 0.003 0.003 0.005 0.023 
 451 H L   0.000 0.001 0.000 0.363 0.003 0.006 0.183 0.444 
 452 N S   0.000 0.001 0.000 0.140 0.012 0.014 0.449 0.383 
 453 C L   0.000 0.001 0.000 0.030 0.013 0.003 0.025 0.928 
 454 Q L   0.001 0.015 0.000 0.013 0.021 0.006 0.045 0.899 
 455 L T   0.020 0.316 0.000 0.005 0.003 0.463 0.090 0.104 
 456 G T   0.016 0.334 0.000 0.005 0.002 0.473 0.086 0.085 
 457 M L   0.014 0.314 0.000 0.027 0.007 0.087 0.217 0.335 
 458 T L   0.003 0.015 0.000 0.162 0.006 0.022 0.066 0.727 
 459 G E   0.001 0.003 0.000 0.810 0.005 0.007 0.067 0.107 
 460 E E   0.000 0.000 0.000 0.954 0.001 0.001 0.008 0.035 
 461 V E   0.000 0.000 0.000 0.982 0.000 0.000 0.003 0.014 
 462 S E   0.000 0.000 0.000 0.997 0.000 0.000 0.000 0.003 
 463 F E   0.000 0.000 0.000 0.995 0.000 0.000 0.000 0.004 
 464 Q E   0.000 0.000 0.000 0.993 0.000 0.000 0.000 0.006 
 465 A E   0.000 0.000 0.000 0.997 0.000 0.000 0.000 0.003 
 466 A E   0.000 0.000 0.000 0.952 0.001 0.000 0.002 0.044 
 467 N E   0.000 0.001 0.000 0.552 0.007 0.004 0.034 0.403 
 468 T S   0.000 0.003 0.000 0.007 0.001 0.388 0.584 0.017 
 469 K S   0.000 0.003 0.000 0.008 0.000 0.388 0.569 0.030 
 470 S E   0.000 0.002 0.000 0.600 0.006 0.009 0.061 0.322 
 471 A E   0.000 0.000 0.000 0.911 0.003 0.001 0.006 0.078 
 472 A E   0.000 0.000 0.000 0.970 0.000 0.000 0.001 0.028 
 473 N E   0.000 0.000 0.000 0.987 0.000 0.000 0.001 0.012 
 474 L E   0.000 0.000 0.000 0.994 0.000 0.000 0.001 0.005 
 475 K E   0.000 0.000 0.000 0.993 0.000 0.000 0.000 0.006 
 476 V E   0.000 0.000 0.000 0.982 0.000 0.000 0.001 0.016 
 477 K E   0.000 0.000 0.000 0.947 0.001 0.001 0.004 0.046 
 478 E E   0.000 0.001 0.000 0.853 0.004 0.002 0.006 0.133 
 479 L L   0.000 0.002 0.000 0.354 0.002 0.007 0.039 0.595 
 480 R L   0.002 0.013 0.000 0.251 0.016 0.013 0.099 0.605 
 481 S L   0.005 0.025 0.000 0.235 0.018 0.018 0.061 0.638 
 482 A L   0.008 0.034 0.000 0.291 0.018 0.036 0.166 0.446 
 483 T L   0.007 0.022 0.000 0.358 0.043 0.027 0.185 0.359 
 484 L L   0.001 0.007 0.000 0.328 0.005 0.007 0.069 0.583 
 485 I L   0.001 0.003 0.000 0.403 0.004 0.004 0.032 0.553 
 486 E E   0.001 0.003 0.000 0.676 0.013 0.002 0.007 0.298 
 487 V E   0.001 0.004 0.000 0.722 0.011 0.006 0.012 0.243 
 488 E E   0.001 0.004 0.000 0.637 0.017 0.018 0.108 0.214 
 489 K L   0.000 0.001 0.000 0.338 0.010 0.007 0.238 0.404 
 490 P L   0.000 0.001 0.000 0.128 0.006 0.004 0.052 0.809 
 491 L L   0.000 0.001 0.000 0.123 0.012 0.007 0.068 0.789 
 492 Y L   0.000 0.003 0.000 0.247 0.016 0.021 0.194 0.518 
 493 G L   0.000 0.003 0.000 0.416 0.004 0.012 0.046 0.518 
 494 V E   0.001 0.002 0.000 0.768 0.012 0.004 0.021 0.193 
 495 E E   0.000 0.001 0.000 0.859 0.006 0.001 0.005 0.127 
 496 V E   0.000 0.001 0.000 0.823 0.016 0.001 0.005 0.154 
 497 F E   0.000 0.001 0.000 0.516 0.012 0.003 0.013 0.455 
 498 V T   0.001 0.005 0.000 0.018 0.001 0.938 0.022 0.015 
 499 G T   0.000 0.003 0.000 0.003 0.000 0.961 0.019 0.014 
 500 E L   0.000 0.002 0.000 0.047 0.001 0.009 0.163 0.778 
 501 T E   0.000 0.000 0.000 0.599 0.018 0.007 0.014 0.362 
 502 A E   0.000 0.000 0.000 0.984 0.001 0.000 0.002 0.012 
 503 H E   0.000 0.000 0.000 0.995 0.000 0.000 0.000 0.004 
 504 F E   0.000 0.000 0.000 0.996 0.000 0.000 0.001 0.003 
 505 E E   0.000 0.000 0.000 0.991 0.000 0.000 0.001 0.008 
 506 I E   0.000 0.000 0.000 0.988 0.000 0.000 0.001 0.011 
 507 E E   0.000 0.000 0.000 0.971 0.001 0.000 0.000 0.027 
 508 L E   0.000 0.000 0.000 0.731 0.006 0.001 0.004 0.258 
 509 S L   0.000 0.001 0.000 0.276 0.013 0.008 0.293 0.409 
 510 E S   0.000 0.003 0.000 0.047 0.004 0.018 0.775 0.153 
 511 P L   0.000 0.005 0.000 0.034 0.005 0.027 0.287 0.642 
 512 D L   0.001 0.003 0.000 0.164 0.011 0.019 0.076 0.726 
 513 V E   0.000 0.001 0.000 0.525 0.008 0.007 0.028 0.431 
 514 H E   0.000 0.000 0.000 0.889 0.002 0.001 0.008 0.099 
 515 G E   0.000 0.000 0.000 0.965 0.000 0.000 0.001 0.033 
 516 Q E   0.000 0.000 0.000 0.986 0.000 0.000 0.000 0.013 
 517 W E   0.000 0.000 0.000 0.994 0.000 0.000 0.001 0.005 
 518 K E   0.000 0.000 0.000 0.990 0.000 0.000 0.000 0.009 
 519 L E   0.000 0.000 0.000 0.969 0.004 0.002 0.009 0.016 
 520 K T   0.001 0.001 0.000 0.008 0.000 0.962 0.021 0.007 
 521 G T   0.000 0.001 0.000 0.005 0.000 0.959 0.020 0.013 
 522 Q E   0.000 0.000 0.000 0.967 0.011 0.004 0.007 0.010 
 523 P E   0.000 0.000 0.000 0.962 0.010 0.000 0.002 0.025 
 524 L L   0.000 0.001 0.000 0.032 0.001 0.002 0.018 0.946 
 525 A L   0.002 0.010 0.000 0.012 0.013 0.017 0.119 0.826 
 526 A L   0.003 0.008 0.000 0.023 0.064 0.018 0.264 0.620 
 527 S L   0.001 0.003 0.000 0.020 0.020 0.006 0.114 0.836 
 528 P T   0.002 0.006 0.000 0.006 0.007 0.546 0.296 0.137 
 529 D T   0.001 0.004 0.000 0.043 0.001 0.577 0.267 0.108 
 530 C E   0.000 0.001 0.000 0.804 0.009 0.002 0.057 0.126 
 531 E E   0.000 0.000 0.000 0.980 0.001 0.000 0.007 0.012 
 532 I E   0.000 0.000 0.000 0.990 0.000 0.000 0.001 0.009 
 533 I E   0.000 0.000 0.000 0.994 0.000 0.000 0.000 0.005 
 534 E E   0.000 0.000 0.000 0.980 0.001 0.002 0.001 0.015 
 535 D E   0.001 0.004 0.000 0.736 0.005 0.026 0.029 0.199 
 536 G T   0.001 0.006 0.000 0.009 0.001 0.622 0.335 0.027 
 537 K T   0.001 0.005 0.000 0.014 0.001 0.610 0.342 0.027 
 538 K E   0.000 0.001 0.000 0.890 0.006 0.007 0.025 0.070 
 539 H E   0.000 0.000 0.000 0.987 0.001 0.000 0.002 0.010 
 540 I E   0.000 0.000 0.000 0.996 0.000 0.000 0.001 0.003 
 541 L E   0.000 0.000 0.000 0.996 0.000 0.000 0.001 0.003 
 542 I E   0.000 0.000 0.000 0.996 0.000 0.001 0.001 0.003 
 543 L E   0.000 0.000 0.000 0.965 0.004 0.003 0.005 0.023 
 544 H L   0.000 0.001 0.000 0.267 0.002 0.007 0.274 0.449 
 545 N S   0.000 0.001 0.000 0.086 0.009 0.013 0.642 0.248 
 546 C L   0.000 0.001 0.000 0.021 0.014 0.002 0.020 0.942 
 547 Q L   0.001 0.017 0.000 0.013 0.027 0.005 0.034 0.902 
 548 L T   0.016 0.320 0.000 0.006 0.003 0.476 0.082 0.097 
 549 G T   0.011 0.341 0.000 0.005 0.002 0.487 0.082 0.073 
 550 M L   0.010 0.315 0.000 0.024 0.007 0.067 0.220 0.358 
 551 T L   0.002 0.015 0.000 0.146 0.006 0.018 0.063 0.751 
 552 G E   0.001 0.003 0.000 0.859 0.005 0.006 0.047 0.079 
 553 E E   0.000 0.000 0.000 0.966 0.001 0.000 0.007 0.026 
 554 V E   0.000 0.000 0.000 0.984 0.000 0.000 0.003 0.012 
 555 S E   0.000 0.000 0.000 0.997 0.000 0.000 0.000 0.002 
 556 F E   0.000 0.000 0.000 0.995 0.000 0.000 0.000 0.004 
 557 Q E   0.000 0.000 0.000 0.994 0.000 0.000 0.000 0.005 
 558 A E   0.000 0.000 0.000 0.996 0.000 0.000 0.000 0.003 
 559 A E   0.000 0.000 0.000 0.934 0.002 0.000 0.003 0.060 
 560 N E   0.000 0.001 0.000 0.553 0.009 0.005 0.060 0.371 
 561 T S   0.000 0.003 0.000 0.011 0.001 0.306 0.660 0.020 
 562 K S   0.000 0.004 0.000 0.013 0.000 0.305 0.630 0.047 
 563 S E   0.000 0.002 0.000 0.517 0.006 0.008 0.101 0.366 
 564 A E   0.000 0.000 0.000 0.889 0.003 0.001 0.008 0.099 
 565 A E   0.000 0.000 0.000 0.975 0.001 0.000 0.001 0.023 
 566 N E   0.000 0.000 0.000 0.990 0.000 0.000 0.001 0.008 
 567 L E   0.000 0.000 0.000 0.994 0.000 0.000 0.001 0.005 
 568 K E   0.000 0.000 0.000 0.995 0.000 0.000 0.000 0.005 
 569 V E   0.000 0.000 0.000 0.984 0.000 0.000 0.001 0.015 
 570 K E   0.000 0.000 0.000 0.935 0.001 0.001 0.009 0.054 
 571 E E   0.000 0.001 0.000 0.778 0.007 0.002 0.015 0.197 
 572 L L   0.000 0.002 0.000 0.091 0.002 0.008 0.046 0.851 
 573 R L   0.001 0.010 0.000 0.033 0.013 0.017 0.226 0.700 
 574 S L   0.001 0.016 0.000 0.033 0.023 0.010 0.142 0.774 
 575 A L   0.002 0.022 0.000 0.057 0.013 0.021 0.083 0.802 
 576 S L   0.002 0.014 0.000 0.137 0.036 0.033 0.170 0.608 
 577 L L   0.001 0.007 0.000 0.214 0.008 0.016 0.111 0.644 
 578 I L   0.001 0.002 0.000 0.392 0.003 0.003 0.039 0.561 
 579 E E   0.001 0.001 0.000 0.884 0.007 0.001 0.006 0.101 
 580 V E   0.000 0.001 0.000 0.922 0.002 0.001 0.002 0.071 
 581 E E   0.001 0.001 0.000 0.879 0.007 0.004 0.015 0.093 
 582 K E   0.000 0.001 0.000 0.528 0.007 0.004 0.085 0.375 
 583 P L   0.000 0.001 0.000 0.212 0.005 0.003 0.038 0.741 
 584 L L   0.000 0.002 0.000 0.189 0.009 0.010 0.062 0.729 
 585 Y L   0.001 0.004 0.000 0.344 0.017 0.025 0.193 0.417 
 586 G E   0.001 0.003 0.000 0.519 0.004 0.012 0.042 0.420 
 587 V E   0.001 0.002 0.000 0.790 0.009 0.003 0.015 0.180 
 588 E E   0.001 0.001 0.000 0.863 0.006 0.001 0.006 0.123 
 589 V E   0.000 0.001 0.000 0.824 0.014 0.001 0.005 0.155 
 590 F E   0.000 0.001 0.000 0.534 0.013 0.003 0.013 0.436 
 591 V T   0.001 0.005 0.000 0.018 0.001 0.936 0.023 0.016 
 592 G T   0.000 0.003 0.000 0.002 0.000 0.958 0.019 0.017 
 593 E L   0.000 0.002 0.000 0.043 0.001 0.009 0.134 0.810 
 594 T E   0.000 0.000 0.000 0.598 0.017 0.007 0.014 0.364 
 595 A E   0.000 0.000 0.000 0.980 0.001 0.000 0.002 0.016 
 596 H E   0.000 0.000 0.000 0.994 0.000 0.000 0.000 0.005 
 597 F E   0.000 0.000 0.000 0.996 0.000 0.000 0.001 0.003 
 598 E E   0.000 0.000 0.000 0.992 0.000 0.000 0.001 0.007 
 599 I E   0.000 0.000 0.000 0.991 0.000 0.000 0.000 0.009 
 600 E E   0.000 0.000 0.000 0.984 0.001 0.000 0.000 0.015 
 601 L E   0.000 0.000 0.000 0.879 0.003 0.000 0.002 0.115 
 602 S E   0.000 0.001 0.000 0.456 0.014 0.007 0.147 0.376 
 603 E S   0.000 0.004 0.000 0.065 0.003 0.024 0.736 0.168 
 604 P L   0.000 0.005 0.000 0.043 0.006 0.040 0.385 0.520 
 605 D L   0.000 0.004 0.000 0.149 0.007 0.025 0.086 0.729 
 606 V E   0.000 0.001 0.000 0.551 0.007 0.009 0.025 0.407 
 607 H E   0.000 0.000 0.000 0.944 0.002 0.001 0.006 0.046 
 608 G E   0.000 0.000 0.000 0.980 0.000 0.000 0.001 0.019 
 609 Q E   0.000 0.000 0.000 0.987 0.000 0.000 0.000 0.012 
 610 W E   0.000 0.000 0.000 0.994 0.000 0.000 0.001 0.005 
 611 K E   0.000 0.000 0.000 0.991 0.000 0.000 0.000 0.009 
 612 L E   0.000 0.000 0.000 0.972 0.004 0.002 0.008 0.013 
 613 K T   0.001 0.001 0.000 0.008 0.000 0.961 0.022 0.007 
 614 G T   0.000 0.001 0.000 0.006 0.000 0.959 0.021 0.013 
 615 Q E   0.000 0.000 0.000 0.970 0.010 0.004 0.006 0.009 
 616 P E   0.000 0.000 0.000 0.965 0.010 0.000 0.002 0.023 
 617 L L   0.000 0.001 0.000 0.026 0.001 0.002 0.019 0.952 
 618 A L   0.002 0.012 0.000 0.008 0.011 0.020 0.150 0.797 
 619 A L   0.002 0.009 0.000 0.014 0.041 0.020 0.315 0.599 
 620 S L   0.001 0.004 0.000 0.014 0.017 0.007 0.135 0.824 
 621 P T   0.002 0.006 0.000 0.007 0.008 0.482 0.303 0.192 
 622 D T   0.001 0.005 0.000 0.053 0.002 0.521 0.273 0.146 
 623 C E   0.000 0.001 0.000 0.800 0.009 0.003 0.062 0.124 
 624 E E   0.000 0.000 0.000 0.977 0.001 0.000 0.008 0.013 
 625 I E   0.000 0.000 0.000 0.987 0.000 0.000 0.001 0.012 
 626 I E   0.000 0.000 0.000 0.991 0.000 0.000 0.000 0.007 
 627 E E   0.000 0.000 0.000 0.974 0.001 0.003 0.002 0.019 
 628 D E   0.001 0.005 0.000 0.729 0.006 0.037 0.032 0.191 
 629 G T   0.001 0.006 0.000 0.011 0.001 0.573 0.376 0.032 
 630 K T   0.001 0.006 0.000 0.016 0.001 0.556 0.387 0.034 
 631 K E   0.000 0.001 0.000 0.868 0.006 0.007 0.030 0.087 
 632 H E   0.000 0.000 0.000 0.986 0.001 0.000 0.003 0.010 
 633 I E   0.000 0.000 0.000 0.995 0.000 0.000 0.001 0.004 
 634 L E   0.000 0.000 0.000 0.995 0.000 0.000 0.001 0.004 
 635 I E   0.000 0.000 0.000 0.994 0.000 0.001 0.001 0.003 
 636 L E   0.000 0.001 0.000 0.964 0.003 0.003 0.004 0.025 
 637 H L   0.000 0.001 0.000 0.393 0.003 0.006 0.157 0.439 
 638 N L   0.000 0.001 0.000 0.148 0.011 0.015 0.410 0.413 
 639 C L   0.000 0.001 0.000 0.034 0.016 0.003 0.025 0.921 
 640 Q L   0.001 0.015 0.000 0.015 0.025 0.006 0.045 0.892 
 641 L T   0.015 0.240 0.000 0.005 0.003 0.561 0.085 0.091 
 642 G T   0.012 0.257 0.000 0.004 0.002 0.566 0.080 0.079 
 643 M L   0.011 0.238 0.000 0.023 0.008 0.072 0.244 0.403 
 644 T L   0.002 0.013 0.000 0.119 0.005 0.021 0.065 0.775 
 645 G E   0.001 0.003 0.000 0.828 0.006 0.007 0.056 0.100 
 646 E E   0.000 0.000 0.000 0.956 0.001 0.000 0.008 0.034 
 647 V E   0.000 0.000 0.000 0.981 0.000 0.000 0.003 0.016 
 648 S E   0.000 0.000 0.000 0.997 0.000 0.000 0.000 0.003 
 649 F E   0.000 0.000 0.000 0.995 0.000 0.000 0.000 0.004 
 650 Q E   0.000 0.000 0.000 0.994 0.000 0.000 0.000 0.006 
 651 A E   0.000 0.000 0.000 0.996 0.000 0.000 0.000 0.003 
 652 A E   0.000 0.000 0.000 0.938 0.002 0.000 0.003 0.056 
 653 N E   0.000 0.001 0.000 0.562 0.008 0.004 0.050 0.374 
 654 T S   0.000 0.003 0.000 0.009 0.001 0.341 0.630 0.016 
 655 K S   0.000 0.004 0.000 0.013 0.000 0.339 0.596 0.048 
 656 S E   0.000 0.002 0.000 0.589 0.006 0.007 0.055 0.341 
 657 A E   0.000 0.000 0.000 0.912 0.003 0.001 0.006 0.077 
 658 A E   0.000 0.000 0.000 0.969 0.000 0.000 0.001 0.029 
 659 N E   0.000 0.000 0.000 0.988 0.000 0.000 0.001 0.010 
 660 L E   0.000 0.000 0.000 0.994 0.000 0.000 0.001 0.004 
 661 K E   0.000 0.000 0.000 0.995 0.000 0.000 0.000 0.005 
 662 V E   0.000 0.000 0.000 0.985 0.000 0.000 0.001 0.013 
 663 K E   0.000 0.000 0.000 0.951 0.001 0.001 0.006 0.041 
 664 E E   0.000 0.001 0.000 0.822 0.005 0.002 0.011 0.159 
 665 L L   0.000 0.001 0.000 0.160 0.002 0.008 0.045 0.785 
 666 R L   0.001 0.008 0.000 0.073 0.016 0.016 0.136 0.751 
 667 S L   0.001 0.011 0.000 0.064 0.032 0.013 0.145 0.733 
 668 T L   0.001 0.013 0.000 0.079 0.025 0.021 0.204 0.657 
 669 A L   0.001 0.006 0.000 0.112 0.022 0.015 0.215 0.629 
 670 L L   0.000 0.002 0.000 0.171 0.005 0.006 0.068 0.747 
 671 I L   0.000 0.001 0.000 0.422 0.004 0.002 0.021 0.551 
 672 E E   0.000 0.001 0.000 0.848 0.007 0.001 0.005 0.138 
 673 V E   0.000 0.001 0.000 0.895 0.003 0.001 0.003 0.098 
 674 E E   0.000 0.002 0.000 0.859 0.008 0.005 0.019 0.106 
 675 K E   0.000 0.001 0.000 0.520 0.007 0.004 0.089 0.378 
 676 P L   0.000 0.001 0.000 0.215 0.005 0.003 0.036 0.740 
 677 L L   0.000 0.001 0.000 0.193 0.009 0.010 0.064 0.723 
 678 Y L   0.000 0.004 0.000 0.356 0.016 0.025 0.170 0.429 
 679 G E   0.000 0.003 0.000 0.548 0.004 0.012 0.042 0.391 
 680 V E   0.001 0.002 0.000 0.828 0.008 0.002 0.016 0.143 
 681 E E   0.000 0.001 0.000 0.903 0.004 0.001 0.005 0.084 
 682 V E   0.000 0.001 0.000 0.883 0.011 0.001 0.004 0.100 
 683 F E   0.000 0.001 0.000 0.605 0.012 0.003 0.012 0.367 
 684 V T   0.001 0.005 0.000 0.018 0.001 0.939 0.020 0.016 
 685 G T   0.000 0.003 0.000 0.002 0.000 0.961 0.018 0.016 
 686 E L   0.000 0.002 0.000 0.041 0.001 0.010 0.149 0.797 
 687 T E   0.000 0.000 0.000 0.623 0.020 0.007 0.015 0.335 
 688 A E   0.000 0.000 0.000 0.981 0.001 0.000 0.002 0.015 
 689 H E   0.000 0.000 0.000 0.994 0.000 0.000 0.000 0.005 
 690 F E   0.000 0.000 0.000 0.996 0.000 0.000 0.001 0.003 
 691 E E   0.000 0.000 0.000 0.992 0.000 0.000 0.001 0.007 
 692 I E   0.000 0.000 0.000 0.990 0.000 0.000 0.001 0.010 
 693 E E   0.000 0.000 0.000 0.984 0.001 0.000 0.000 0.015 
 694 L E   0.000 0.000 0.000 0.896 0.003 0.000 0.002 0.098 
 695 S E   0.000 0.001 0.000 0.530 0.014 0.007 0.125 0.323 
 696 E S   0.000 0.003 0.000 0.090 0.004 0.028 0.707 0.168 
 697 P S   0.000 0.005 0.000 0.044 0.006 0.064 0.474 0.406 
 698 D L   0.000 0.004 0.000 0.103 0.004 0.051 0.163 0.674 
 699 V E   0.000 0.001 0.000 0.580 0.009 0.020 0.036 0.352 
 700 H E   0.000 0.000 0.000 0.918 0.002 0.002 0.009 0.069 
 701 G E   0.000 0.000 0.000 0.970 0.000 0.000 0.001 0.029 
 702 Q E   0.000 0.000 0.000 0.984 0.000 0.000 0.000 0.015 
 703 W E   0.000 0.000 0.000 0.994 0.000 0.000 0.001 0.004 
 704 K E   0.000 0.000 0.000 0.991 0.000 0.000 0.000 0.008 
 705 L E   0.000 0.000 0.000 0.972 0.004 0.002 0.008 0.012 
 706 K T   0.001 0.001 0.000 0.008 0.000 0.963 0.020 0.006 
 707 G T   0.000 0.001 0.000 0.006 0.000 0.961 0.019 0.012 
 708 Q E   0.000 0.000 0.000 0.969 0.010 0.004 0.006 0.009 
 709 P E   0.000 0.000 0.000 0.964 0.010 0.000 0.002 0.024 
 710 L L   0.000 0.001 0.000 0.026 0.001 0.002 0.019 0.952 
 711 A L   0.002 0.011 0.000 0.009 0.012 0.018 0.140 0.807 
 712 A L   0.002 0.009 0.000 0.015 0.047 0.018 0.288 0.620 
 713 S L   0.001 0.004 0.000 0.016 0.020 0.006 0.133 0.822 
 714 P T   0.001 0.006 0.000 0.005 0.007 0.592 0.278 0.110 
 715 D T   0.000 0.004 0.000 0.041 0.001 0.624 0.236 0.093 
 716 C E   0.000 0.001 0.000 0.817 0.010 0.002 0.057 0.113 
 717 E E   0.000 0.000 0.000 0.981 0.001 0.000 0.006 0.011 
 718 I E   0.000 0.000 0.000 0.989 0.000 0.000 0.001 0.010 
 719 I E   0.000 0.000 0.000 0.994 0.000 0.000 0.000 0.005 
 720 E E   0.000 0.000 0.000 0.982 0.001 0.002 0.001 0.013 
 721 D E   0.001 0.005 0.000 0.786 0.005 0.040 0.029 0.134 
 722 G T   0.001 0.007 0.000 0.009 0.001 0.694 0.262 0.027 
 723 K T   0.001 0.007 0.000 0.012 0.000 0.674 0.279 0.027 
 724 K E   0.001 0.001 0.000 0.896 0.007 0.007 0.024 0.065 
 725 H E   0.000 0.000 0.000 0.985 0.001 0.000 0.003 0.011 
 726 I E   0.000 0.000 0.000 0.995 0.000 0.000 0.001 0.004 
 727 L E   0.000 0.000 0.000 0.996 0.000 0.000 0.001 0.003 
 728 I E   0.000 0.000 0.000 0.996 0.000 0.001 0.001 0.002 
 729 L E   0.000 0.000 0.000 0.965 0.003 0.003 0.005 0.023 
 730 H L   0.000 0.001 0.000 0.326 0.002 0.006 0.207 0.456 
 731 N S   0.001 0.002 0.000 0.116 0.010 0.015 0.544 0.313 
 732 C L   0.000 0.001 0.000 0.026 0.014 0.002 0.021 0.936 
 733 Q L   0.001 0.013 0.000 0.015 0.026 0.005 0.034 0.906 
 734 L T   0.015 0.280 0.000 0.005 0.003 0.543 0.077 0.078 
 735 G T   0.011 0.299 0.000 0.005 0.001 0.549 0.075 0.060 
 736 M L   0.010 0.281 0.000 0.026 0.007 0.064 0.247 0.365 
 737 T L   0.002 0.013 0.000 0.158 0.006 0.015 0.053 0.754 
 738 G E   0.001 0.002 0.000 0.888 0.005 0.005 0.034 0.066 
 739 E E   0.000 0.000 0.000 0.971 0.001 0.000 0.005 0.022 
 740 V E   0.000 0.000 0.000 0.985 0.000 0.000 0.002 0.012 
 741 S E   0.000 0.000 0.000 0.997 0.000 0.000 0.000 0.003 
 742 F E   0.000 0.000 0.000 0.995 0.000 0.000 0.001 0.005 
 743 Q E   0.000 0.000 0.000 0.994 0.000 0.000 0.000 0.006 
 744 A E   0.000 0.000 0.000 0.996 0.000 0.000 0.000 0.003 
 745 A E   0.000 0.000 0.000 0.930 0.002 0.000 0.005 0.063 
 746 N E   0.000 0.001 0.000 0.521 0.009 0.005 0.063 0.401 
 747 T S   0.000 0.003 0.000 0.010 0.001 0.360 0.606 0.020 
 748 K S   0.000 0.004 0.000 0.011 0.000 0.363 0.580 0.041 
 749 S E   0.000 0.002 0.000 0.565 0.006 0.009 0.065 0.351 
 750 A E   0.000 0.000 0.000 0.889 0.004 0.001 0.008 0.098 
 751 A E   0.000 0.000 0.000 0.958 0.001 0.000 0.001 0.039 
 752 N E   0.000 0.000 0.000 0.986 0.000 0.000 0.001 0.012 
 753 L E   0.000 0.000 0.000 0.995 0.000 0.000 0.001 0.004 
 754 K E   0.000 0.000 0.000 0.995 0.000 0.000 0.000 0.004 
 755 V E   0.000 0.000 0.000 0.988 0.000 0.000 0.000 0.011 
 756 K E   0.000 0.000 0.000 0.975 0.001 0.001 0.003 0.021 
 757 E E   0.000 0.001 0.000 0.876 0.003 0.001 0.004 0.115 
 758 L L   0.000 0.001 0.000 0.240 0.002 0.008 0.048 0.701 
 759 R L   0.001 0.008 0.000 0.150 0.019 0.020 0.289 0.513 
 760 S L   0.001 0.012 0.000 0.119 0.026 0.010 0.123 0.709 
 761 T L   0.002 0.021 0.000 0.122 0.018 0.017 0.077 0.742 
 762 S L   0.002 0.014 0.000 0.171 0.027 0.030 0.219 0.538 
 763 L L   0.001 0.008 0.000 0.247 0.006 0.016 0.132 0.590 
 764 I L   0.001 0.002 0.000 0.483 0.003 0.002 0.021 0.487 
 765 E E   0.001 0.001 0.000 0.882 0.008 0.001 0.004 0.104 
 766 V E   0.000 0.001 0.000 0.906 0.005 0.002 0.003 0.082 
 767 E E   0.000 0.002 0.000 0.787 0.008 0.010 0.066 0.126 
 768 K E   0.000 0.001 0.000 0.402 0.008 0.006 0.297 0.285 
 769 P L   0.000 0.001 0.000 0.094 0.003 0.003 0.041 0.859 
 770 L L   0.000 0.002 0.000 0.109 0.007 0.011 0.055 0.816 
 771 Y E   0.001 0.004 0.000 0.411 0.020 0.040 0.192 0.332 
 772 G E   0.000 0.004 0.000 0.618 0.005 0.022 0.067 0.284 
 773 V E   0.000 0.002 0.000 0.836 0.007 0.003 0.024 0.128 
 774 E E   0.001 0.001 0.000 0.904 0.007 0.001 0.005 0.081 
 775 V E   0.000 0.001 0.000 0.828 0.010 0.001 0.005 0.155 
 776 F E   0.000 0.001 0.000 0.544 0.014 0.003 0.013 0.425 
 777 V T   0.001 0.006 0.000 0.042 0.002 0.906 0.026 0.016 
 778 G T   0.000 0.004 0.000 0.004 0.000 0.949 0.024 0.018 
 779 E L   0.000 0.004 0.000 0.044 0.001 0.019 0.234 0.698 
 780 T E   0.001 0.001 0.000 0.592 0.020 0.008 0.016 0.363 
 781 A E   0.000 0.000 0.000 0.979 0.002 0.001 0.002 0.015 
 782 H E   0.000 0.000 0.000 0.994 0.000 0.000 0.000 0.005 
 783 F E   0.000 0.000 0.000 0.996 0.000 0.000 0.001 0.003 
 784 E E   0.000 0.000 0.000 0.991 0.000 0.000 0.001 0.008 
 785 I E   0.000 0.000 0.000 0.989 0.000 0.000 0.001 0.010 
 786 E E   0.000 0.000 0.000 0.985 0.001 0.000 0.000 0.014 
 787 L E   0.000 0.000 0.000 0.882 0.003 0.000 0.002 0.112 
 788 S E   0.000 0.001 0.000 0.497 0.016 0.006 0.123 0.357 
 789 E S   0.000 0.003 0.000 0.077 0.003 0.025 0.745 0.146 
 790 P S   0.000 0.006 0.000 0.044 0.007 0.055 0.491 0.397 
 791 D L   0.000 0.004 0.000 0.110 0.005 0.032 0.108 0.740 
 792 V E   0.000 0.001 0.000 0.514 0.008 0.013 0.034 0.430 
 793 H E   0.000 0.000 0.000 0.924 0.002 0.002 0.008 0.063 
 794 G E   0.000 0.000 0.000 0.973 0.000 0.000 0.001 0.025 
 795 Q E   0.000 0.000 0.000 0.984 0.000 0.000 0.000 0.015 
 796 W E   0.000 0.000 0.000 0.994 0.000 0.000 0.001 0.005 
 797 K E   0.000 0.000 0.000 0.991 0.000 0.000 0.000 0.008 
 798 L E   0.000 0.000 0.000 0.972 0.004 0.002 0.008 0.013 
 799 K T   0.001 0.001 0.000 0.008 0.000 0.962 0.021 0.007 
 800 G T   0.000 0.001 0.000 0.006 0.000 0.960 0.020 0.013 
 801 Q E   0.000 0.000 0.000 0.971 0.010 0.004 0.006 0.008 
 802 P E   0.000 0.000 0.000 0.965 0.010 0.000 0.002 0.023 
 803 L L   0.000 0.001 0.000 0.025 0.001 0.002 0.018 0.954 
 804 A L   0.002 0.011 0.000 0.009 0.012 0.018 0.134 0.814 
 805 A L   0.002 0.008 0.000 0.016 0.053 0.017 0.240 0.663 
 806 S L   0.001 0.003 0.000 0.015 0.018 0.005 0.107 0.851 
 807 P T   0.001 0.005 0.000 0.005 0.007 0.533 0.328 0.120 
 808 D T   0.000 0.004 0.000 0.041 0.001 0.563 0.278 0.112 
 809 C E   0.000 0.001 0.000 0.816 0.010 0.002 0.056 0.115 
 810 E E   0.000 0.000 0.000 0.981 0.001 0.000 0.007 0.011 
 811 I E   0.000 0.000 0.000 0.990 0.000 0.000 0.000 0.009 
 812 I E   0.000 0.000 0.000 0.996 0.000 0.000 0.000 0.004 
 813 E E   0.000 0.000 0.000 0.985 0.001 0.001 0.001 0.012 
 814 D E   0.001 0.003 0.000 0.802 0.005 0.019 0.028 0.143 
 815 G T   0.001 0.005 0.000 0.008 0.001 0.666 0.297 0.023 
 816 K T   0.001 0.005 0.000 0.009 0.000 0.643 0.318 0.024 
 817 K E   0.000 0.001 0.000 0.885 0.007 0.007 0.028 0.071 
 818 H E   0.000 0.000 0.000 0.985 0.001 0.000 0.003 0.011 
 819 I E   0.000 0.000 0.000 0.995 0.000 0.000 0.001 0.004 
 820 L E   0.000 0.000 0.000 0.996 0.000 0.000 0.001 0.003 
 821 I E   0.000 0.000 0.000 0.995 0.000 0.001 0.001 0.003 
 822 L E   0.000 0.001 0.000 0.965 0.003 0.003 0.005 0.023 
 823 H L   0.000 0.001 0.000 0.382 0.003 0.007 0.201 0.407 
 824 N S   0.000 0.001 0.000 0.141 0.010 0.013 0.527 0.306 
 825 C L   0.000 0.001 0.000 0.022 0.010 0.002 0.023 0.942 
 826 Q L   0.001 0.014 0.000 0.009 0.018 0.005 0.038 0.913 
 827 L T   0.015 0.329 0.000 0.003 0.002 0.511 0.071 0.068 
 828 G T   0.012 0.351 0.000 0.003 0.001 0.515 0.061 0.056 
 829 M L   0.010 0.330 0.000 0.021 0.005 0.057 0.177 0.400 
 830 T L   0.003 0.014 0.000 0.158 0.005 0.016 0.056 0.748 
 831 G E   0.001 0.002 0.000 0.888 0.004 0.005 0.036 0.063 
 832 E E   0.000 0.000 0.000 0.971 0.001 0.000 0.006 0.022 
 833 V E   0.000 0.000 0.000 0.986 0.000 0.000 0.002 0.011 
 834 S E   0.000 0.000 0.000 0.996 0.000 0.000 0.000 0.003 
 835 F E   0.000 0.000 0.000 0.995 0.000 0.000 0.000 0.005 
 836 Q E   0.000 0.000 0.000 0.995 0.000 0.000 0.000 0.005 
 837 A E   0.000 0.000 0.000 0.994 0.000 0.000 0.001 0.004 
 838 A E   0.000 0.000 0.000 0.883 0.003 0.001 0.009 0.104 
 839 N E   0.000 0.001 0.000 0.469 0.012 0.009 0.129 0.381 
 840 T S   0.000 0.003 0.000 0.016 0.000 0.220 0.740 0.019 
 841 K S   0.000 0.006 0.000 0.045 0.001 0.233 0.593 0.121 
 842 S E   0.000 0.002 0.000 0.612 0.005 0.005 0.039 0.336 
 843 A E   0.000 0.000 0.000 0.938 0.002 0.001 0.005 0.054 
 844 A E   0.000 0.000 0.000 0.982 0.000 0.000 0.001 0.017 
 845 N E   0.000 0.000 0.000 0.991 0.000 0.000 0.001 0.008 
 846 L E   0.000 0.000 0.000 0.995 0.000 0.000 0.001 0.004 
 847 K E   0.000 0.000 0.000 0.994 0.000 0.000 0.000 0.005 
 848 V E   0.000 0.000 0.000 0.984 0.000 0.000 0.001 0.015 
 849 K E   0.000 0.000 0.000 0.923 0.001 0.001 0.006 0.069 
 850 E E   0.000 0.001 0.000 0.720 0.007 0.002 0.010 0.259 
 851 L L   0.000 0.002 0.000 0.111 0.002 0.012 0.059 0.814 
 852 R L   0.001 0.009 0.000 0.082 0.012 0.023 0.383 0.491 
 853 S L   0.001 0.008 0.000 0.129 0.029 0.008 0.132 0.693 
 854 V L   0.002 0.007 0.000 0.163 0.049 0.006 0.035 0.738 
 855 D L   0.000 0.002 0.000 0.144 0.023 0.009 0.092 0.729 
 856 L L   0.000 0.002 0.000 0.156 0.004 0.009 0.080 0.749 
 857 I L   0.001 0.002 0.000 0.400 0.004 0.003 0.050 0.540 
 858 E E   0.001 0.002 0.000 0.874 0.006 0.001 0.005 0.112 
 859 V E   0.000 0.001 0.000 0.918 0.003 0.001 0.002 0.074 
 860 E E   0.000 0.001 0.000 0.864 0.008 0.005 0.022 0.099 
 861 K E   0.000 0.001 0.000 0.519 0.008 0.004 0.137 0.331 
 862 P L   0.000 0.001 0.000 0.203 0.004 0.003 0.048 0.741 
 863 L L   0.000 0.002 0.000 0.206 0.008 0.012 0.123 0.649 
 864 Y E   0.001 0.004 0.000 0.478 0.020 0.023 0.136 0.339 
 865 G E   0.000 0.002 0.000 0.626 0.003 0.007 0.020 0.341 
 866 V E   0.001 0.002 0.000 0.860 0.007 0.002 0.017 0.112 
 867 E E   0.000 0.001 0.000 0.925 0.003 0.001 0.005 0.065 
 868 V E   0.000 0.001 0.000 0.900 0.009 0.000 0.003 0.086 
 869 F E   0.000 0.001 0.000 0.616 0.012 0.003 0.010 0.358 
 870 V T   0.001 0.006 0.000 0.017 0.001 0.941 0.019 0.016 
 871 G T   0.000 0.003 0.000 0.002 0.000 0.964 0.018 0.013 
 872 E L   0.000 0.002 0.000 0.039 0.001 0.011 0.208 0.738 
 873 T E   0.001 0.001 0.000 0.550 0.022 0.008 0.017 0.402 
 874 A E   0.000 0.000 0.000 0.982 0.002 0.000 0.002 0.014 
 875 H E   0.000 0.000 0.000 0.995 0.000 0.000 0.000 0.004 
 876 F E   0.000 0.000 0.000 0.997 0.000 0.000 0.001 0.002 
 877 E E   0.000 0.000 0.000 0.994 0.000 0.000 0.001 0.005 
 878 I E   0.000 0.000 0.000 0.992 0.000 0.000 0.000 0.007 
 879 E E   0.000 0.000 0.000 0.986 0.001 0.000 0.000 0.013 
 880 L E   0.000 0.000 0.000 0.842 0.005 0.001 0.003 0.149 
 881 S L   0.000 0.001 0.000 0.328 0.012 0.007 0.287 0.365 
 882 E S   0.000 0.002 0.000 0.042 0.003 0.017 0.871 0.065 
 883 P L   0.000 0.003 0.000 0.030 0.007 0.024 0.395 0.541 
 884 D L   0.000 0.002 0.000 0.108 0.010 0.006 0.066 0.808 
 885 V L   0.000 0.001 0.000 0.415 0.007 0.006 0.034 0.538 
 886 H E   0.000 0.000 0.000 0.932 0.002 0.002 0.010 0.053 
 887 G E   0.000 0.000 0.000 0.983 0.000 0.000 0.001 0.015 
 888 Q E   0.000 0.000 0.000 0.991 0.000 0.000 0.000 0.009 
 889 W E   0.000 0.000 0.000 0.995 0.000 0.000 0.001 0.004 
 890 K E   0.000 0.000 0.000 0.992 0.000 0.000 0.000 0.007 
 891 L E   0.000 0.000 0.000 0.975 0.004 0.002 0.007 0.012 
 892 K T   0.001 0.001 0.000 0.008 0.000 0.964 0.020 0.006 
 893 G T   0.000 0.001 0.000 0.005 0.000 0.961 0.019 0.012 
 894 Q E   0.000 0.000 0.000 0.971 0.010 0.004 0.006 0.009 
 895 P E   0.000 0.000 0.000 0.966 0.010 0.000 0.002 0.022 
 896 L L   0.000 0.001 0.000 0.027 0.001 0.001 0.017 0.953 
 897 A L   0.002 0.010 0.000 0.008 0.011 0.015 0.120 0.834 
 898 A L   0.002 0.008 0.000 0.014 0.049 0.017 0.280 0.630 
 899 S L   0.000 0.003 0.000 0.013 0.018 0.006 0.138 0.822 
 900 P T   0.002 0.006 0.000 0.005 0.007 0.466 0.396 0.119 
 901 D T   0.000 0.004 0.000 0.043 0.002 0.502 0.341 0.108 
 902 C E   0.000 0.001 0.000 0.818 0.010 0.003 0.058 0.110 
 903 E E   0.000 0.000 0.000 0.982 0.001 0.000 0.007 0.010 
 904 I E   0.000 0.000 0.000 0.990 0.000 0.000 0.000 0.009 
 905 I E   0.000 0.000 0.000 0.997 0.000 0.000 0.000 0.003 
 906 E E   0.000 0.000 0.000 0.986 0.001 0.001 0.001 0.011 
 907 D E   0.000 0.002 0.000 0.737 0.004 0.009 0.027 0.221 
 908 G T   0.001 0.004 0.000 0.007 0.001 0.583 0.384 0.020 
 909 K T   0.001 0.004 0.000 0.009 0.000 0.580 0.388 0.018 
 910 K E   0.000 0.001 0.000 0.892 0.006 0.005 0.022 0.074 
 911 H E   0.000 0.000 0.000 0.989 0.001 0.000 0.002 0.008 
 912 I E   0.000 0.000 0.000 0.996 0.000 0.000 0.000 0.003 
 913 L E   0.000 0.000 0.000 0.996 0.000 0.000 0.001 0.003 
 914 I E   0.000 0.000 0.000 0.996 0.000 0.001 0.001 0.002 
 915 L E   0.000 0.000 0.000 0.969 0.004 0.003 0.005 0.019 
 916 H L   0.000 0.001 0.000 0.292 0.002 0.009 0.258 0.437 
 917 N S   0.001 0.001 0.000 0.088 0.008 0.015 0.677 0.211 
 918 C L   0.000 0.001 0.000 0.018 0.012 0.002 0.019 0.948 
 919 Q L   0.001 0.012 0.000 0.010 0.020 0.003 0.025 0.929 
 920 L T   0.018 0.388 0.000 0.004 0.002 0.413 0.066 0.108 
 921 G T   0.014 0.410 0.000 0.005 0.002 0.426 0.071 0.072 
 922 M G   0.012 0.386 0.000 0.020 0.006 0.060 0.223 0.292 
 923 T L   0.002 0.013 0.000 0.130 0.005 0.014 0.059 0.777 
 924 G E   0.001 0.002 0.000 0.884 0.005 0.005 0.043 0.061 
 925 E E   0.000 0.000 0.000 0.970 0.001 0.000 0.006 0.022 
 926 V E   0.000 0.000 0.000 0.986 0.000 0.000 0.003 0.011 
 927 S E   0.000 0.000 0.000 0.997 0.000 0.000 0.000 0.003 
 928 F E   0.000 0.000 0.000 0.995 0.000 0.000 0.000 0.005 
 929 Q E   0.000 0.000 0.000 0.993 0.000 0.000 0.000 0.007 
 930 A E   0.000 0.000 0.000 0.997 0.000 0.000 0.000 0.002 
 931 A E   0.000 0.000 0.000 0.976 0.001 0.000 0.002 0.020 
 932 N E   0.000 0.001 0.000 0.602 0.007 0.004 0.030 0.356 
 933 T S   0.001 0.004 0.000 0.009 0.001 0.415 0.552 0.019 
 934 K S   0.000 0.003 0.000 0.007 0.000 0.409 0.557 0.023 
 935 S E   0.000 0.002 0.000 0.630 0.010 0.014 0.085 0.259 
 936 A E   0.000 0.000 0.000 0.863 0.005 0.002 0.012 0.118 
 937 A E   0.000 0.000 0.000 0.925 0.001 0.000 0.003 0.070 
 938 N E   0.000 0.000 0.000 0.977 0.000 0.000 0.002 0.020 
 939 L E   0.000 0.000 0.000 0.995 0.000 0.000 0.001 0.004 
 940 K E   0.000 0.000 0.000 0.996 0.000 0.000 0.000 0.004 
 941 V E   0.000 0.000 0.000 0.996 0.000 0.000 0.000 0.003 
 942 K E   0.000 0.000 0.000 0.994 0.000 0.000 0.001 0.005 
 943 E E   0.000 0.000 0.000 0.993 0.000 0.000 0.001 0.006 
 944 L E   0.000 0.000 0.000 0.975 0.001 0.001 0.002 0.022 
 945 R E   0.000 0.001 0.000 0.853 0.007 0.001 0.009 0.130 
 946 S E   0.001 0.001 0.000 0.527 0.015 0.007 0.070 0.378 
 947 G S   0.000 0.002 0.000 0.165 0.006 0.016 0.734 0.076 
 948 S L   0.000 0.003 0.000 0.059 0.012 0.020 0.241 0.665 
 949 M L   0.001 0.008 0.000 0.018 0.020 0.021 0.213 0.719 
 950 D L   0.001 0.010 0.000 0.010 0.016 0.052 0.411 0.500 
 951 K S   0.002 0.024 0.000 0.009 0.004 0.353 0.467 0.140 
 952 D L   0.001 0.021 0.000 0.052 0.005 0.358 0.093 0.471 
 953 C L   0.001 0.013 0.000 0.333 0.017 0.013 0.058 0.564 
 954 E E   0.001 0.003 0.000 0.655 0.006 0.007 0.025 0.303 
 955 M E   0.000 0.001 0.000 0.868 0.002 0.002 0.006 0.121 
 956 K E   0.000 0.000 0.000 0.965 0.001 0.000 0.005 0.028 
 957 R E   0.000 0.000 0.000 0.991 0.000 0.000 0.001 0.007 
 958 T E   0.000 0.000 0.000 0.995 0.000 0.000 0.001 0.004 
 959 T E   0.000 0.000 0.000 0.990 0.000 0.000 0.001 0.009 
 960 L E   0.000 0.001 0.000 0.975 0.001 0.003 0.005 0.015 
 961 D E   0.000 0.001 0.000 0.745 0.005 0.010 0.086 0.153 
 962 S L   0.000 0.002 0.000 0.227 0.009 0.010 0.108 0.644 
 963 P S   0.001 0.011 0.000 0.023 0.006 0.224 0.417 0.318 
 964 L S   0.000 0.009 0.000 0.023 0.001 0.252 0.678 0.036 
 965 G E   0.001 0.011 0.000 0.480 0.015 0.038 0.280 0.174 
 966 K E   0.000 0.003 0.000 0.668 0.003 0.007 0.112 0.207 
 967 L E   0.000 0.001 0.000 0.962 0.002 0.003 0.009 0.023 
 968 E E   0.000 0.000 0.000 0.994 0.000 0.000 0.002 0.004 
 969 L E   0.000 0.000 0.000 0.996 0.000 0.000 0.000 0.003 
 970 S E   0.000 0.000 0.000 0.996 0.000 0.000 0.000 0.003 
 971 G E   0.000 0.000 0.000 0.987 0.001 0.000 0.001 0.012 
 972 C E   0.000 0.001 0.000 0.818 0.004 0.006 0.017 0.154 
 973 E S   0.001 0.013 0.000 0.130 0.004 0.338 0.478 0.036 
 974 Q T   0.001 0.012 0.000 0.029 0.000 0.562 0.378 0.018 
 975 G T   0.002 0.018 0.000 0.233 0.004 0.403 0.248 0.092 
 976 L E   0.001 0.001 0.000 0.927 0.004 0.007 0.011 0.048 
 977 H E   0.000 0.000 0.000 0.984 0.000 0.000 0.001 0.013 
 978 R E   0.000 0.000 0.000 0.995 0.000 0.000 0.001 0.004 
 979 I E   0.000 0.000 0.000 0.992 0.000 0.000 0.000 0.007 
 980 I E   0.000 0.000 0.000 0.987 0.000 0.000 0.001 0.011 
 981 F E   0.001 0.001 0.000 0.935 0.002 0.005 0.005 0.052 
 982 L L   0.001 0.002 0.000 0.355 0.004 0.020 0.062 0.557 
 983 G L   0.002 0.005 0.000 0.059 0.004 0.047 0.205 0.677 
 984 K L   0.005 0.010 0.000 0.014 0.007 0.163 0.265 0.535 
 985 G L   0.008 0.012 0.000 0.010 0.007 0.142 0.085 0.736 
 986 T L   0.021 0.020 0.000 0.012 0.022 0.016 0.070 0.838 
 987 S L   0.036 0.041 0.000 0.007 0.006 0.018 0.056 0.836 
 988 A L   0.293 0.212 0.000 0.010 0.004 0.074 0.031 0.377 
 989 A L   0.292 0.229 0.000 0.008 0.004 0.054 0.048 0.366 
 990 D L   0.290 0.253 0.000 0.008 0.003 0.025 0.040 0.381 
 991 A H   0.318 0.256 0.000 0.019 0.010 0.050 0.050 0.297 
 992 V L   0.230 0.208 0.000 0.023 0.012 0.071 0.064 0.392 
 993 E L   0.163 0.162 0.000 0.020 0.015 0.078 0.110 0.453 
 994 V L   0.010 0.006 0.000 0.005 0.004 0.013 0.319 0.643 
 995 P L   0.017 0.005 0.000 0.005 0.007 0.012 0.066 0.887 
 996 A L   0.062 0.026 0.000 0.002 0.003 0.035 0.062 0.810 
 997 P L   0.126 0.135 0.000 0.002 0.002 0.063 0.049 0.624 
 998 A G   0.252 0.333 0.000 0.007 0.003 0.046 0.038 0.321 
 999 A G   0.268 0.337 0.000 0.023 0.007 0.035 0.021 0.310 
1000 V G   0.254 0.297 0.000 0.042 0.021 0.057 0.034 0.296 
1001 L L   0.113 0.057 0.000 0.029 0.019 0.121 0.113 0.547 
1002 G L   0.015 0.007 0.000 0.008 0.009 0.135 0.185 0.641 
1003 G L   0.009 0.001 0.000 0.002 0.004 0.023 0.345 0.616 
1004 P L   0.033 0.003 0.000 0.002 0.008 0.009 0.190 0.754 
1005 E H   0.757 0.022 0.000 0.001 0.001 0.064 0.039 0.115 
1006 P H   0.889 0.024 0.000 0.001 0.000 0.064 0.012 0.009 
1007 L H   0.928 0.023 0.000 0.001 0.000 0.030 0.008 0.010 
1008 M H   0.982 0.003 0.000 0.000 0.000 0.004 0.002 0.008 
1009 Q H   0.994 0.001 0.000 0.000 0.000 0.002 0.001 0.002 
1010 A H   0.997 0.000 0.000 0.000 0.000 0.001 0.000 0.001 
1011 T H   0.998 0.000 0.000 0.000 0.000 0.001 0.000 0.000 
1012 A H   0.998 0.000 0.000 0.000 0.000 0.001 0.000 0.001 
1013 W H   0.997 0.000 0.000 0.000 0.000 0.001 0.000 0.001 
1014 L H   0.997 0.000 0.000 0.000 0.000 0.001 0.000 0.001 
1015 N H   0.995 0.000 0.000 0.000 0.000 0.002 0.000 0.001 
1016 A H   0.991 0.001 0.000 0.000 0.000 0.005 0.001 0.001 
1017 Y H   0.979 0.004 0.000 0.001 0.000 0.011 0.002 0.003 
1018 F H   0.861 0.003 0.000 0.003 0.001 0.084 0.017 0.030 
1019 H H   0.426 0.004 0.000 0.007 0.010 0.249 0.101 0.202 
1020 Q S   0.016 0.003 0.000 0.004 0.004 0.013 0.483 0.477 
1021 P L   0.059 0.047 0.000 0.008 0.011 0.053 0.065 0.757 
1022 E L   0.078 0.085 0.000 0.008 0.014 0.048 0.113 0.655 
1023 A L   0.110 0.132 0.000 0.014 0.012 0.018 0.075 0.639 
1024 I L   0.165 0.254 0.000 0.017 0.013 0.035 0.071 0.445 
1025 E L   0.141 0.235 0.000 0.016 0.013 0.069 0.065 0.461 
1026 E L   0.109 0.205 0.000 0.014 0.014 0.097 0.102 0.459 
1027 F L   0.005 0.005 0.000 0.013 0.012 0.013 0.412 0.541 
1028 P L   0.001 0.002 0.000 0.015 0.017 0.013 0.185 0.768 
1029 V L   0.004 0.012 0.000 0.020 0.033 0.008 0.229 0.694 
1030 P L   0.006 0.083 0.000 0.008 0.008 0.009 0.022 0.864 
1031 A L   0.021 0.227 0.000 0.014 0.011 0.090 0.074 0.562 
1032 L L   0.019 0.195 0.000 0.021 0.013 0.116 0.074 0.563 
1033 H L   0.013 0.131 0.000 0.021 0.023 0.066 0.257 0.488 
1034 H L   0.006 0.021 0.000 0.018 0.007 0.021 0.267 0.659 
1035 P L   0.016 0.037 0.000 0.038 0.022 0.042 0.046 0.799 
1036 V L   0.035 0.080 0.000 0.075 0.094 0.042 0.200 0.474 
1037 F L   0.036 0.089 0.000 0.058 0.052 0.051 0.077 0.636 
1038 Q L   0.028 0.088 0.000 0.012 0.005 0.249 0.083 0.534 
1039 Q S   0.010 0.043 0.000 0.003 0.006 0.309 0.366 0.263 
1040 E S   0.005 0.020 0.000 0.003 0.008 0.090 0.504 0.369 
1041 S L   0.018 0.002 0.000 0.002 0.011 0.012 0.372 0.582 
1042 F H   0.914 0.004 0.000 0.000 0.000 0.050 0.013 0.018 
1043 T H   0.965 0.003 0.000 0.000 0.000 0.024 0.003 0.005 
1044 R H   0.989 0.002 0.000 0.000 0.000 0.004 0.001 0.003 
1045 Q H   0.995 0.001 0.000 0.000 0.000 0.002 0.000 0.002 
1046 V H   0.998 0.000 0.000 0.000 0.000 0.001 0.000 0.000 
1047 L H   0.998 0.000 0.000 0.000 0.000 0.001 0.000 0.000 
1048 W H   0.998 0.000 0.000 0.000 0.000 0.001 0.000 0.001 
1049 K H   0.994 0.001 0.000 0.000 0.000 0.003 0.000 0.001 
1050 L H   0.988 0.005 0.000 0.000 0.000 0.005 0.000 0.001 
1051 L H   0.943 0.015 0.000 0.001 0.000 0.038 0.001 0.002 
1052 K T   0.332 0.015 0.000 0.000 0.000 0.643 0.007 0.003 
1053 V T   0.141 0.013 0.000 0.000 0.000 0.813 0.022 0.011 
1054 V L   0.004 0.002 0.000 0.005 0.012 0.003 0.368 0.606 
1055 K L   0.001 0.003 0.000 0.005 0.013 0.009 0.026 0.943 
1056 F T   0.002 0.006 0.000 0.008 0.004 0.871 0.088 0.021 
1057 G T   0.001 0.005 0.000 0.047 0.003 0.840 0.078 0.025 
1058 E L   0.001 0.002 0.000 0.433 0.019 0.003 0.017 0.525 
1059 V E   0.001 0.000 0.000 0.847 0.029 0.001 0.006 0.115 
1060 I E   0.000 0.000 0.000 0.830 0.012 0.001 0.009 0.147 
1061 S E   0.002 0.000 0.000 0.668 0.033 0.000 0.005 0.291 
1062 Y H   0.918 0.004 0.000 0.013 0.000 0.012 0.003 0.049 
1063 S H   0.986 0.003 0.000 0.000 0.000 0.008 0.001 0.002 
1064 H H   0.990 0.003 0.000 0.000 0.000 0.005 0.000 0.001 
1065 L H   0.998 0.001 0.000 0.000 0.000 0.001 0.000 0.000 
1066 A H   0.995 0.002 0.000 0.000 0.000 0.002 0.000 0.000 
1067 A H   0.991 0.004 0.000 0.000 0.000 0.004 0.000 0.000 
1068 L H   0.973 0.007 0.001 0.001 0.001 0.014 0.000 0.002 
1069 A H   0.535 0.006 0.001 0.000 0.000 0.452 0.004 0.001 
1070 G T   0.022 0.004 0.000 0.000 0.000 0.954 0.011 0.007 
1071 N L   0.000 0.001 0.000 0.001 0.003 0.008 0.404 0.582 
1072 P T   0.012 0.010 0.000 0.000 0.001 0.953 0.022 0.003 
1073 A T   0.019 0.006 0.000 0.000 0.000 0.951 0.014 0.010 
1074 A H   0.804 0.008 0.001 0.001 0.006 0.015 0.041 0.123 
1075 T H   0.974 0.003 0.000 0.000 0.000 0.006 0.004 0.012 
1076 A H   0.992 0.003 0.000 0.000 0.000 0.003 0.000 0.000 
1077 A H   0.997 0.002 0.000 0.000 0.000 0.000 0.000 0.000 
1078 V H   0.996 0.001 0.000 0.000 0.000 0.001 0.000 0.001 
1079 K H   0.995 0.001 0.000 0.000 0.000 0.003 0.000 0.000 
1080 T H   0.993 0.002 0.000 0.000 0.000 0.004 0.000 0.001 
1081 A H   0.986 0.003 0.000 0.000 0.000 0.007 0.001 0.001 
1082 L H   0.937 0.011 0.000 0.001 0.000 0.044 0.003 0.003 
1083 S H   0.603 0.012 0.000 0.000 0.000 0.366 0.011 0.007 
1084 G T   0.307 0.013 0.000 0.000 0.001 0.597 0.045 0.036 
1085 N L   0.002 0.002 0.000 0.002 0.007 0.010 0.344 0.632 
1086 P L   0.003 0.030 0.000 0.003 0.006 0.086 0.431 0.441 
1087 V S   0.012 0.115 0.000 0.015 0.020 0.120 0.522 0.196 
1088 P L   0.014 0.222 0.000 0.024 0.009 0.081 0.186 0.464 
1089 I L   0.029 0.225 0.000 0.102 0.013 0.109 0.188 0.334 
1090 L L   0.032 0.146 0.000 0.237 0.139 0.094 0.085 0.268 
1091 I S   0.003 0.012 0.000 0.196 0.025 0.008 0.404 0.352 
1092 P L   0.002 0.028 0.000 0.173 0.025 0.044 0.087 0.641 
1093 C G   0.009 0.397 0.000 0.243 0.016 0.058 0.118 0.158 
1094 H G   0.010 0.427 0.000 0.366 0.006 0.065 0.056 0.068 
1095 R E   0.008 0.389 0.000 0.466 0.010 0.026 0.023 0.078 
1096 V E   0.009 0.116 0.000 0.595 0.028 0.018 0.068 0.166 
1097 V E   0.006 0.015 0.000 0.585 0.089 0.020 0.063 0.221 
1098 Q L   0.001 0.004 0.000 0.176 0.010 0.020 0.081 0.708 
1099 G T   0.003 0.016 0.000 0.028 0.009 0.351 0.332 0.260 
1100 D T   0.002 0.017 0.000 0.014 0.007 0.397 0.238 0.326 
1101 L L   0.001 0.014 0.000 0.034 0.018 0.030 0.420 0.484 
1102 D L   0.001 0.006 0.000 0.065 0.043 0.005 0.086 0.794 
1103 V L   0.002 0.010 0.000 0.073 0.090 0.032 0.099 0.694 
1104 G L   0.003 0.019 0.000 0.036 0.024 0.143 0.263 0.512 
1105 G L   0.010 0.048 0.000 0.020 0.015 0.149 0.321 0.437 
1106 Y L   0.090 0.128 0.000 0.025 0.028 0.142 0.172 0.415 
1107 E L   0.165 0.162 0.000 0.017 0.014 0.282 0.074 0.286 
1108 G H   0.261 0.138 0.001 0.011 0.014 0.260 0.059 0.256 
1109 G H   0.644 0.040 0.001 0.007 0.022 0.046 0.046 0.194 
1110 L H   0.969 0.005 0.000 0.001 0.000 0.010 0.004 0.010 
1111 A H   0.981 0.003 0.000 0.000 0.000 0.007 0.001 0.007 
1112 V H   0.990 0.002 0.000 0.000 0.000 0.004 0.001 0.003 
1113 K H   0.993 0.001 0.000 0.000 0.000 0.003 0.000 0.002 
1114 E H   0.991 0.002 0.000 0.000 0.000 0.004 0.000 0.002 
1115 W H   0.991 0.002 0.000 0.000 0.000 0.004 0.000 0.002 
1116 L H   0.991 0.002 0.000 0.000 0.000 0.005 0.000 0.002 
1117 L H   0.983 0.002 0.000 0.001 0.000 0.010 0.001 0.002 
1118 A H   0.942 0.005 0.000 0.001 0.000 0.043 0.004 0.004 
1119 H H   0.721 0.011 0.000 0.002 0.001 0.208 0.017 0.040 
1120 E T   0.304 0.014 0.000 0.001 0.001 0.591 0.020 0.068 
1121 G T   0.019 0.010 0.000 0.001 0.001 0.773 0.022 0.174 
1122 H L   0.008 0.012 0.000 0.010 0.008 0.023 0.055 0.884 
1123 R L   0.013 0.016 0.000 0.024 0.026 0.020 0.029 0.873 
1124 L L   0.004 0.019 0.000 0.011 0.010 0.070 0.053 0.833 
1125 G L   0.002 0.029 0.000 0.003 0.004 0.071 0.094 0.796 
1126 K L   0.002 0.032 0.000 0.002 0.003 0.027 0.133 0.800 
1127 P L   0.004 0.036 0.000 0.004 0.003 0.052 0.047 0.854 
1128 G L   0.002 0.021 0.000 0.004 0.004 0.043 0.043 0.883 
1129 L L   0.001 0.006 0.000 0.004 0.007 0.012 0.001 0.970 
1130 G L   0.000 0.000 0.000 0.000 0.000 0.000 0.000 0.999 
