#DeepConCNF_SS8: eight-class secondary structure prediction results 
#probabilities are in the order of H G I E B T S L(loops), the 8 secondary structure types used in DSSP 
   1 M L   0.000 0.000 0.000 0.000 0.000 0.000 0.000 0.999 
   2 A L   0.001 0.001 0.000 0.003 0.003 0.003 0.000 0.989 
   3 E L   0.001 0.005 0.000 0.004 0.005 0.011 0.017 0.958 
   4 I L   0.002 0.009 0.000 0.003 0.003 0.016 0.031 0.935 
   5 G L   0.001 0.006 0.000 0.002 0.002 0.027 0.036 0.926 
   6 T L   0.001 0.004 0.000 0.002 0.004 0.051 0.124 0.814 
   7 G L   0.001 0.004 0.000 0.007 0.013 0.038 0.221 0.716 
   8 F L   0.000 0.004 0.000 0.014 0.023 0.012 0.243 0.704 
   9 P L   0.000 0.003 0.000 0.027 0.014 0.012 0.300 0.645 
  10 F L   0.001 0.002 0.000 0.096 0.053 0.017 0.140 0.690 
  11 D L   0.000 0.001 0.000 0.151 0.010 0.005 0.070 0.762 
  12 P L   0.000 0.001 0.000 0.317 0.002 0.002 0.021 0.658 
  13 H E   0.000 0.000 0.000 0.975 0.003 0.001 0.004 0.017 
  14 Y E   0.000 0.000 0.000 0.990 0.000 0.000 0.000 0.010 
  15 V E   0.000 0.000 0.000 0.996 0.000 0.000 0.000 0.003 
  16 E E   0.000 0.000 0.000 0.997 0.000 0.000 0.000 0.003 
  17 V E   0.000 0.000 0.000 0.974 0.002 0.001 0.004 0.019 
  18 L T   0.001 0.003 0.000 0.007 0.000 0.950 0.027 0.011 
  19 G T   0.000 0.002 0.000 0.003 0.000 0.953 0.030 0.011 
  20 E E   0.001 0.001 0.000 0.941 0.007 0.009 0.016 0.025 
  21 R E   0.000 0.000 0.000 0.988 0.000 0.000 0.001 0.010 
  22 M E   0.000 0.000 0.000 0.996 0.000 0.000 0.001 0.003 
  23 H E   0.000 0.000 0.000 0.998 0.000 0.000 0.000 0.002 
  24 Y E   0.000 0.000 0.000 0.997 0.000 0.000 0.001 0.002 
  25 V E   0.000 0.000 0.000 0.994 0.000 0.000 0.001 0.005 
  26 D E   0.000 0.000 0.000 0.994 0.001 0.001 0.002 0.002 
  27 V E   0.000 0.001 0.000 0.861 0.005 0.006 0.013 0.114 
  28 G L   0.000 0.001 0.000 0.068 0.002 0.005 0.444 0.479 
  29 P L   0.000 0.004 0.000 0.015 0.016 0.025 0.167 0.773 
  30 R T   0.002 0.014 0.000 0.002 0.005 0.731 0.199 0.047 
  31 D T   0.001 0.008 0.000 0.002 0.001 0.751 0.206 0.030 
  32 G S   0.000 0.006 0.000 0.048 0.007 0.013 0.791 0.135 
  33 T L   0.000 0.001 0.000 0.198 0.020 0.003 0.053 0.725 
  34 P E   0.000 0.000 0.000 0.641 0.005 0.001 0.009 0.344 
  35 V E   0.000 0.000 0.000 0.988 0.001 0.000 0.001 0.010 
  36 L E   0.000 0.000 0.000 0.996 0.000 0.000 0.000 0.004 
  37 F E   0.000 0.000 0.000 0.996 0.000 0.000 0.001 0.003 
  38 L E   0.000 0.000 0.000 0.951 0.003 0.001 0.003 0.042 
  39 H L   0.000 0.000 0.000 0.086 0.002 0.001 0.006 0.905 
  40 G L   0.001 0.001 0.000 0.016 0.013 0.005 0.069 0.895 
  41 N T   0.005 0.008 0.000 0.003 0.004 0.797 0.130 0.054 
  42 P T   0.002 0.004 0.000 0.008 0.008 0.856 0.069 0.053 
  43 T L   0.004 0.005 0.000 0.021 0.073 0.022 0.042 0.834 
  44 S L   0.001 0.006 0.000 0.004 0.013 0.003 0.130 0.843 
  45 S G   0.046 0.811 0.001 0.000 0.001 0.093 0.032 0.017 
  46 Y G   0.038 0.860 0.000 0.000 0.001 0.080 0.008 0.012 
  47 V G   0.035 0.893 0.000 0.000 0.000 0.055 0.005 0.011 
  48 W G   0.042 0.835 0.001 0.000 0.001 0.105 0.009 0.008 
  49 R G   0.040 0.764 0.001 0.000 0.002 0.173 0.007 0.012 
  50 N G   0.034 0.590 0.001 0.000 0.000 0.361 0.009 0.005 
  51 I T   0.078 0.431 0.002 0.000 0.001 0.450 0.013 0.026 
  52 I H   0.552 0.394 0.001 0.000 0.000 0.028 0.015 0.010 
  53 P H   0.573 0.382 0.000 0.000 0.000 0.036 0.002 0.006 
  54 H H   0.602 0.331 0.001 0.000 0.000 0.059 0.002 0.005 
  55 V H   0.638 0.167 0.001 0.003 0.010 0.120 0.037 0.025 
  56 A T   0.151 0.104 0.001 0.002 0.009 0.405 0.069 0.259 
  57 P T   0.028 0.081 0.000 0.000 0.003 0.851 0.028 0.008 
  58 T T   0.016 0.067 0.000 0.002 0.001 0.849 0.061 0.004 
  59 H S   0.000 0.003 0.000 0.068 0.002 0.003 0.850 0.074 
  60 R E   0.000 0.000 0.000 0.844 0.035 0.001 0.007 0.113 
  61 C E   0.000 0.000 0.000 0.991 0.002 0.000 0.000 0.007 
  62 I E   0.000 0.000 0.000 0.992 0.000 0.000 0.000 0.007 
  63 A E   0.000 0.000 0.000 0.984 0.003 0.000 0.002 0.012 
  64 P E   0.000 0.000 0.000 0.839 0.016 0.001 0.007 0.136 
  65 D L   0.000 0.000 0.000 0.049 0.003 0.001 0.009 0.938 
  66 L L   0.000 0.001 0.000 0.010 0.040 0.004 0.034 0.910 
  67 I T   0.002 0.009 0.000 0.001 0.004 0.957 0.020 0.006 
  68 G T   0.001 0.011 0.000 0.002 0.004 0.951 0.025 0.007 
  69 M S   0.003 0.036 0.000 0.011 0.047 0.133 0.641 0.129 
  70 G T   0.006 0.020 0.000 0.014 0.042 0.639 0.191 0.088 
  71 K T   0.003 0.023 0.000 0.016 0.030 0.653 0.128 0.147 
  72 S L   0.003 0.011 0.000 0.010 0.038 0.074 0.411 0.452 
  73 D S   0.002 0.007 0.000 0.003 0.006 0.030 0.531 0.422 
  74 K S   0.001 0.012 0.000 0.002 0.009 0.040 0.526 0.409 
  75 P L   0.006 0.093 0.000 0.003 0.010 0.202 0.064 0.621 
  76 D L   0.008 0.139 0.000 0.003 0.011 0.297 0.119 0.424 
  77 L T   0.009 0.131 0.000 0.009 0.016 0.373 0.139 0.324 
  78 G L   0.005 0.060 0.000 0.013 0.031 0.354 0.117 0.419 
  79 Y L   0.004 0.005 0.000 0.027 0.058 0.026 0.167 0.713 
  80 F L   0.021 0.001 0.000 0.028 0.139 0.008 0.280 0.522 
  81 F H   0.968 0.003 0.000 0.001 0.000 0.014 0.005 0.007 
  82 D H   0.990 0.002 0.000 0.000 0.000 0.006 0.001 0.001 
  83 D H   0.993 0.002 0.000 0.000 0.000 0.003 0.001 0.001 
  84 H H   0.998 0.000 0.000 0.000 0.000 0.001 0.000 0.001 
  85 V H   0.998 0.000 0.000 0.000 0.000 0.001 0.000 0.000 
  86 R H   0.998 0.000 0.000 0.000 0.000 0.002 0.000 0.000 
  87 F H   0.998 0.000 0.000 0.000 0.000 0.002 0.000 0.000 
  88 M H   0.998 0.000 0.000 0.000 0.000 0.001 0.000 0.001 
  89 D H   0.998 0.000 0.000 0.000 0.000 0.001 0.000 0.000 
  90 A H   0.998 0.000 0.000 0.000 0.000 0.001 0.000 0.000 
  91 F H   0.998 0.000 0.000 0.000 0.000 0.001 0.000 0.000 
  92 I H   0.998 0.001 0.000 0.000 0.000 0.001 0.000 0.001 
  93 E H   0.993 0.003 0.000 0.000 0.000 0.003 0.000 0.000 
  94 A H   0.978 0.004 0.000 0.000 0.000 0.014 0.001 0.002 
  95 L H   0.594 0.006 0.000 0.000 0.000 0.372 0.020 0.007 
  96 G T   0.008 0.001 0.000 0.000 0.000 0.885 0.018 0.088 
  97 L L   0.000 0.001 0.000 0.011 0.007 0.006 0.014 0.960 
  98 E S   0.001 0.002 0.000 0.014 0.002 0.007 0.507 0.467 
  99 E L   0.000 0.002 0.000 0.158 0.003 0.012 0.156 0.670 
 100 V E   0.000 0.000 0.000 0.955 0.004 0.001 0.005 0.034 
 101 V E   0.000 0.000 0.000 0.996 0.000 0.000 0.000 0.004 
 102 L E   0.000 0.000 0.000 0.996 0.000 0.000 0.000 0.004 
 103 V E   0.000 0.000 0.000 0.997 0.000 0.000 0.000 0.003 
 104 I E   0.000 0.000 0.000 0.992 0.000 0.000 0.000 0.008 
 105 H E   0.001 0.001 0.000 0.945 0.005 0.006 0.008 0.034 
 106 D T   0.031 0.003 0.001 0.006 0.001 0.776 0.150 0.032 
 107 W H   0.901 0.004 0.000 0.000 0.000 0.088 0.003 0.002 
 108 G H   0.988 0.001 0.000 0.000 0.000 0.005 0.003 0.002 
 109 S H   0.995 0.001 0.000 0.000 0.000 0.003 0.000 0.000 
 110 A H   0.998 0.000 0.000 0.000 0.000 0.000 0.000 0.000 
 111 L H   0.997 0.000 0.000 0.000 0.000 0.001 0.000 0.001 
 112 G H   0.996 0.000 0.000 0.000 0.000 0.003 0.000 0.000 
 113 F H   0.993 0.001 0.000 0.000 0.000 0.005 0.000 0.001 
 114 H H   0.992 0.002 0.000 0.000 0.000 0.004 0.000 0.001 
 115 W H   0.990 0.005 0.000 0.000 0.000 0.003 0.001 0.001 
 116 A H   0.980 0.008 0.000 0.000 0.000 0.011 0.001 0.001 
 117 K H   0.934 0.006 0.000 0.000 0.000 0.056 0.002 0.001 
 118 R H   0.887 0.002 0.000 0.001 0.001 0.085 0.015 0.007 
 119 N L   0.011 0.002 0.000 0.001 0.002 0.025 0.136 0.822 
 120 P T   0.012 0.205 0.000 0.001 0.001 0.739 0.021 0.020 
 121 E T   0.005 0.180 0.000 0.000 0.000 0.805 0.010 0.001 
 122 R T   0.004 0.186 0.000 0.005 0.000 0.748 0.051 0.006 
 123 V E   0.001 0.003 0.000 0.621 0.061 0.006 0.017 0.290 
 124 K E   0.000 0.000 0.000 0.638 0.002 0.000 0.191 0.168 
 125 G E   0.000 0.000 0.000 0.973 0.002 0.003 0.004 0.017 
 126 I E   0.000 0.000 0.000 0.998 0.000 0.000 0.000 0.001 
 127 A E   0.000 0.000 0.000 0.995 0.000 0.000 0.000 0.005 
 128 F E   0.000 0.000 0.000 0.991 0.002 0.001 0.001 0.006 
 129 M E   0.000 0.000 0.000 0.823 0.012 0.003 0.022 0.141 
 130 E S   0.000 0.001 0.000 0.062 0.001 0.005 0.868 0.063 
 131 F L   0.000 0.001 0.000 0.036 0.022 0.007 0.247 0.687 
 132 I L   0.000 0.001 0.000 0.029 0.049 0.002 0.069 0.850 
 133 R L   0.000 0.001 0.000 0.012 0.027 0.008 0.136 0.816 
 134 P L   0.001 0.002 0.000 0.010 0.035 0.021 0.144 0.787 
 135 I L   0.002 0.002 0.000 0.005 0.014 0.017 0.062 0.898 
 136 P L   0.012 0.051 0.000 0.001 0.004 0.237 0.089 0.606 
 137 T L   0.021 0.126 0.000 0.001 0.002 0.340 0.077 0.434 
 138 W G   0.061 0.359 0.000 0.001 0.004 0.178 0.086 0.311 
 139 D G   0.076 0.351 0.000 0.001 0.003 0.184 0.095 0.291 
 140 E G   0.107 0.314 0.000 0.002 0.005 0.206 0.113 0.252 
 141 W S   0.130 0.018 0.000 0.005 0.013 0.019 0.420 0.395 
 142 P L   0.222 0.002 0.000 0.002 0.006 0.015 0.014 0.738 
 143 E H   0.941 0.003 0.000 0.000 0.000 0.025 0.006 0.025 
 144 F H   0.976 0.003 0.000 0.000 0.000 0.013 0.002 0.005 
 145 A H   0.986 0.003 0.000 0.000 0.000 0.004 0.001 0.005 
 146 R H   0.995 0.001 0.000 0.000 0.000 0.001 0.000 0.001 
 147 E H   0.995 0.001 0.000 0.000 0.000 0.002 0.000 0.001 
 148 T H   0.993 0.001 0.000 0.000 0.000 0.003 0.000 0.002 
 149 F H   0.990 0.003 0.000 0.001 0.000 0.004 0.001 0.002 
 150 Q H   0.965 0.008 0.000 0.001 0.000 0.023 0.002 0.002 
 151 A H   0.900 0.015 0.000 0.001 0.000 0.071 0.006 0.006 
 152 F H   0.769 0.019 0.000 0.003 0.002 0.130 0.028 0.048 
 153 R H   0.474 0.012 0.000 0.006 0.012 0.240 0.051 0.203 
 154 T L   0.155 0.006 0.000 0.009 0.015 0.091 0.308 0.415 
 155 T S   0.140 0.007 0.000 0.006 0.007 0.063 0.575 0.202 
 156 D H   0.373 0.019 0.001 0.011 0.016 0.158 0.097 0.325 
 157 V H   0.600 0.027 0.000 0.009 0.009 0.150 0.072 0.133 
 158 G H   0.644 0.026 0.001 0.008 0.004 0.079 0.052 0.186 
 159 R H   0.772 0.025 0.001 0.011 0.008 0.054 0.060 0.069 
 160 K H   0.794 0.016 0.001 0.013 0.004 0.042 0.030 0.100 
 161 L H   0.795 0.016 0.001 0.026 0.010 0.044 0.037 0.071 
 162 I H   0.796 0.011 0.001 0.034 0.012 0.029 0.016 0.102 
 163 I H   0.778 0.011 0.001 0.025 0.015 0.025 0.026 0.118 
 164 D H   0.717 0.016 0.001 0.003 0.002 0.058 0.022 0.182 
 165 Q H   0.891 0.022 0.001 0.002 0.001 0.054 0.009 0.021 
 166 N H   0.929 0.018 0.000 0.003 0.001 0.032 0.006 0.011 
 167 V H   0.945 0.016 0.001 0.004 0.001 0.016 0.004 0.012 
 168 F H   0.947 0.015 0.000 0.007 0.001 0.017 0.003 0.008 
 169 I H   0.936 0.018 0.000 0.010 0.002 0.020 0.006 0.009 
 170 E H   0.836 0.032 0.001 0.008 0.002 0.104 0.008 0.011 
 171 G H   0.470 0.030 0.001 0.007 0.003 0.410 0.037 0.044 
 172 T H   0.392 0.030 0.001 0.017 0.029 0.325 0.132 0.076 
 173 L S   0.056 0.016 0.000 0.018 0.025 0.111 0.410 0.363 
 174 P L   0.015 0.027 0.000 0.018 0.024 0.085 0.085 0.746 
 175 M T   0.020 0.053 0.000 0.016 0.030 0.334 0.314 0.234 
 176 G L   0.003 0.038 0.000 0.028 0.010 0.335 0.242 0.345 
 177 V L   0.002 0.027 0.000 0.101 0.038 0.060 0.287 0.484 
 178 V S   0.004 0.007 0.000 0.180 0.173 0.032 0.313 0.292 
 179 R L   0.000 0.002 0.000 0.113 0.025 0.005 0.153 0.702 
 180 P L   0.001 0.002 0.000 0.069 0.039 0.007 0.071 0.813 
 181 L L   0.007 0.002 0.000 0.041 0.057 0.009 0.065 0.821 
 182 T L   0.027 0.002 0.000 0.015 0.023 0.006 0.048 0.880 
 183 E H   0.958 0.014 0.000 0.001 0.000 0.014 0.005 0.009 
 184 V H   0.967 0.017 0.000 0.001 0.000 0.010 0.002 0.003 
 185 E H   0.962 0.028 0.000 0.000 0.000 0.006 0.001 0.002 
 186 M H   0.954 0.030 0.000 0.001 0.001 0.010 0.001 0.003 
 187 D H   0.804 0.041 0.001 0.001 0.001 0.143 0.005 0.003 
 188 H H   0.526 0.045 0.001 0.002 0.002 0.390 0.017 0.017 
 189 Y T   0.302 0.048 0.002 0.008 0.013 0.482 0.069 0.077 
 190 R T   0.166 0.118 0.002 0.032 0.104 0.341 0.097 0.141 
 191 E G   0.054 0.468 0.001 0.015 0.015 0.083 0.216 0.147 
 192 P G   0.038 0.597 0.000 0.013 0.009 0.164 0.064 0.114 
 193 F G   0.036 0.547 0.000 0.013 0.010 0.178 0.083 0.131 
 194 L S   0.018 0.131 0.000 0.013 0.034 0.091 0.382 0.331 
 195 N L   0.004 0.009 0.000 0.007 0.010 0.043 0.389 0.538 
 196 P T   0.047 0.071 0.000 0.007 0.015 0.471 0.120 0.269 
 197 V T   0.039 0.089 0.000 0.003 0.008 0.570 0.114 0.177 
 198 D L   0.043 0.091 0.000 0.001 0.003 0.349 0.100 0.413 
 199 R L   0.132 0.056 0.000 0.005 0.014 0.116 0.142 0.535 
 200 E L   0.239 0.138 0.000 0.011 0.024 0.114 0.092 0.382 
 201 P H   0.303 0.279 0.000 0.012 0.007 0.102 0.045 0.252 
 202 L H   0.317 0.309 0.000 0.020 0.007 0.117 0.097 0.133 
 203 W H   0.267 0.212 0.000 0.035 0.020 0.153 0.125 0.187 
 204 R L   0.200 0.089 0.000 0.040 0.053 0.142 0.153 0.323 
 205 F L   0.144 0.039 0.000 0.016 0.009 0.047 0.231 0.514 
 206 P L   0.221 0.153 0.000 0.007 0.007 0.126 0.051 0.435 
 207 N T   0.289 0.178 0.000 0.005 0.005 0.327 0.081 0.115 
 208 E T   0.287 0.178 0.000 0.007 0.008 0.311 0.087 0.122 
 209 L S   0.218 0.115 0.000 0.005 0.008 0.031 0.319 0.304 
 210 P L   0.215 0.152 0.000 0.006 0.010 0.045 0.036 0.536 
 211 I L   0.222 0.208 0.000 0.025 0.043 0.104 0.085 0.311 
 212 A T   0.098 0.132 0.000 0.013 0.007 0.526 0.070 0.154 
 213 G T   0.009 0.045 0.000 0.003 0.003 0.647 0.096 0.196 
 214 E L   0.007 0.016 0.000 0.011 0.010 0.034 0.217 0.706 
 215 P L   0.049 0.095 0.000 0.031 0.040 0.051 0.062 0.672 
 216 A L   0.099 0.282 0.000 0.033 0.037 0.064 0.136 0.348 
 217 N L   0.127 0.307 0.001 0.025 0.032 0.048 0.102 0.359 
 218 I H   0.432 0.341 0.001 0.007 0.006 0.046 0.064 0.103 
 219 V H   0.541 0.331 0.001 0.006 0.004 0.054 0.038 0.024 
 220 A H   0.549 0.320 0.001 0.002 0.002 0.065 0.028 0.033 
 221 L H   0.596 0.185 0.002 0.001 0.003 0.084 0.026 0.103 
 222 V H   0.837 0.057 0.002 0.003 0.007 0.035 0.011 0.049 
 223 E H   0.900 0.032 0.001 0.002 0.003 0.040 0.007 0.015 
 224 E H   0.897 0.027 0.001 0.001 0.001 0.060 0.004 0.009 
 225 Y H   0.858 0.043 0.001 0.001 0.001 0.074 0.008 0.014 
 226 M G   0.316 0.477 0.002 0.000 0.002 0.111 0.030 0.062 
 227 D G   0.134 0.612 0.000 0.000 0.000 0.233 0.009 0.011 
 228 W G   0.120 0.607 0.000 0.001 0.002 0.233 0.014 0.024 
 229 L G   0.087 0.448 0.000 0.003 0.009 0.037 0.042 0.374 
 230 H L   0.061 0.183 0.000 0.003 0.007 0.198 0.100 0.449 
 231 Q T   0.035 0.103 0.000 0.010 0.032 0.312 0.245 0.262 
 232 S L   0.001 0.003 0.000 0.005 0.010 0.021 0.386 0.575 
 233 P S   0.000 0.001 0.000 0.006 0.019 0.019 0.488 0.466 
 234 V S   0.000 0.000 0.000 0.010 0.004 0.002 0.919 0.065 
 235 P L   0.000 0.000 0.000 0.058 0.002 0.001 0.013 0.926 
 236 K E   0.000 0.000 0.000 0.981 0.004 0.000 0.001 0.013 
 237 L E   0.000 0.000 0.000 0.999 0.000 0.000 0.000 0.001 
 238 L E   0.000 0.000 0.000 0.999 0.000 0.000 0.000 0.001 
 239 F E   0.000 0.000 0.000 0.997 0.000 0.000 0.000 0.003 
 240 W E   0.000 0.000 0.000 0.968 0.002 0.001 0.004 0.026 
 241 G E   0.001 0.000 0.000 0.698 0.018 0.003 0.042 0.238 
 242 T T   0.003 0.008 0.000 0.041 0.007 0.579 0.280 0.083 
 243 P T   0.001 0.010 0.000 0.009 0.007 0.726 0.211 0.036 
 244 G L   0.002 0.014 0.000 0.005 0.022 0.083 0.117 0.756 
 245 V S   0.001 0.002 0.000 0.002 0.006 0.022 0.908 0.059 
 246 L S   0.000 0.001 0.000 0.001 0.002 0.014 0.904 0.078 
 247 I S   0.001 0.001 0.000 0.003 0.009 0.002 0.871 0.113 
 248 P L   0.006 0.000 0.000 0.001 0.003 0.001 0.006 0.983 
 249 P H   0.959 0.004 0.000 0.000 0.000 0.022 0.008 0.007 
 250 A H   0.983 0.003 0.000 0.000 0.000 0.012 0.001 0.001 
 251 E H   0.993 0.003 0.000 0.000 0.000 0.002 0.001 0.001 
 252 A H   0.995 0.001 0.000 0.000 0.000 0.002 0.000 0.001 
 253 A H   0.996 0.001 0.000 0.000 0.000 0.002 0.000 0.000 
 254 R H   0.996 0.001 0.000 0.000 0.000 0.003 0.000 0.000 
 255 L H   0.996 0.002 0.000 0.000 0.000 0.001 0.000 0.000 
 256 A H   0.982 0.004 0.000 0.000 0.000 0.012 0.000 0.001 
 257 K H   0.842 0.005 0.000 0.000 0.000 0.151 0.001 0.001 
 258 S H   0.764 0.005 0.000 0.000 0.000 0.220 0.007 0.003 
 259 L L   0.003 0.001 0.000 0.001 0.001 0.011 0.291 0.692 
 260 P T   0.001 0.005 0.000 0.001 0.002 0.938 0.041 0.013 
 261 N T   0.001 0.003 0.000 0.003 0.000 0.930 0.050 0.013 
 262 C L   0.000 0.002 0.000 0.294 0.004 0.006 0.137 0.556 
 263 K E   0.000 0.000 0.000 0.920 0.008 0.000 0.007 0.064 
 264 A E   0.000 0.000 0.000 0.994 0.001 0.000 0.000 0.004 
 265 V E   0.000 0.000 0.000 0.989 0.000 0.000 0.000 0.010 
 266 D E   0.000 0.000 0.000 0.979 0.002 0.000 0.001 0.017 
 267 I E   0.001 0.001 0.000 0.761 0.006 0.003 0.012 0.216 
 268 G L   0.003 0.014 0.000 0.093 0.002 0.076 0.183 0.629 
 269 P L   0.008 0.019 0.000 0.039 0.012 0.089 0.242 0.592 
 270 G L   0.031 0.022 0.000 0.072 0.118 0.033 0.116 0.608 
 271 L L   0.081 0.029 0.000 0.053 0.056 0.119 0.149 0.512 
 272 N T   0.162 0.032 0.000 0.012 0.009 0.400 0.218 0.166 
 273 L T   0.264 0.029 0.000 0.004 0.006 0.377 0.071 0.249 
 274 L H   0.645 0.031 0.000 0.005 0.009 0.067 0.025 0.219 
 275 Q H   0.696 0.039 0.000 0.009 0.009 0.050 0.020 0.176 
 276 E H   0.710 0.045 0.000 0.010 0.005 0.124 0.032 0.073 
 277 D H   0.648 0.033 0.000 0.006 0.010 0.150 0.075 0.077 
 278 N L   0.054 0.002 0.000 0.001 0.002 0.008 0.086 0.847 
 279 P H   0.772 0.025 0.000 0.001 0.001 0.120 0.023 0.058 
 280 D H   0.852 0.021 0.000 0.002 0.001 0.082 0.022 0.020 
 281 L H   0.915 0.023 0.000 0.001 0.001 0.023 0.009 0.027 
 282 I H   0.977 0.003 0.000 0.001 0.000 0.007 0.002 0.010 
 283 G H   0.991 0.001 0.000 0.001 0.000 0.003 0.001 0.003 
 284 S H   0.995 0.001 0.000 0.000 0.000 0.001 0.000 0.002 
 285 E H   0.997 0.000 0.000 0.000 0.000 0.001 0.000 0.001 
 286 I H   0.997 0.000 0.000 0.000 0.000 0.002 0.000 0.001 
 287 A H   0.996 0.001 0.000 0.000 0.000 0.002 0.000 0.001 
 288 R H   0.995 0.001 0.000 0.000 0.000 0.003 0.000 0.001 
 289 W H   0.995 0.001 0.000 0.000 0.000 0.002 0.000 0.001 
 290 L H   0.981 0.004 0.000 0.001 0.000 0.008 0.001 0.004 
 291 S H   0.779 0.006 0.000 0.000 0.000 0.198 0.007 0.008 
 292 T H   0.551 0.009 0.000 0.001 0.001 0.393 0.020 0.025 
 293 L L   0.276 0.008 0.000 0.009 0.006 0.127 0.163 0.411 
 294 E L   0.229 0.018 0.000 0.020 0.007 0.062 0.047 0.617 
 295 I L   0.218 0.033 0.000 0.037 0.027 0.059 0.095 0.531 
 296 S L   0.146 0.035 0.000 0.027 0.008 0.191 0.118 0.475 
 297 G L   0.016 0.019 0.000 0.022 0.002 0.212 0.345 0.383 
 298 L L   0.003 0.006 0.000 0.165 0.005 0.015 0.162 0.643 
 299 I E   0.001 0.001 0.000 0.527 0.002 0.001 0.016 0.451 
 300 E E   0.001 0.001 0.000 0.927 0.003 0.001 0.003 0.064 
 301 V E   0.000 0.001 0.000 0.946 0.002 0.001 0.002 0.049 
 302 E E   0.000 0.001 0.000 0.901 0.004 0.003 0.008 0.083 
 303 K E   0.000 0.001 0.000 0.694 0.009 0.004 0.059 0.232 
 304 P L   0.000 0.001 0.000 0.284 0.006 0.002 0.021 0.685 
 305 L L   0.000 0.001 0.000 0.185 0.007 0.009 0.090 0.708 
 306 Y L   0.000 0.004 0.000 0.304 0.016 0.016 0.253 0.406 
 307 G E   0.000 0.003 0.000 0.507 0.004 0.007 0.036 0.442 
 308 V E   0.001 0.002 0.000 0.852 0.009 0.002 0.013 0.121 
 309 E E   0.000 0.001 0.000 0.917 0.004 0.001 0.005 0.073 
 310 V E   0.000 0.001 0.000 0.892 0.011 0.000 0.004 0.092 
 311 F E   0.000 0.001 0.000 0.588 0.011 0.003 0.012 0.385 
 312 V T   0.001 0.005 0.000 0.015 0.001 0.948 0.018 0.012 
 313 G T   0.000 0.003 0.000 0.002 0.000 0.968 0.014 0.012 
 314 E L   0.000 0.002 0.000 0.043 0.001 0.010 0.182 0.762 
 315 T E   0.001 0.000 0.000 0.587 0.020 0.008 0.016 0.369 
 316 A E   0.000 0.000 0.000 0.986 0.001 0.000 0.002 0.010 
 317 H E   0.000 0.000 0.000 0.996 0.000 0.000 0.000 0.004 
 318 F E   0.000 0.000 0.000 0.996 0.000 0.000 0.001 0.002 
 319 E E   0.000 0.000 0.000 0.993 0.000 0.000 0.001 0.006 
 320 I E   0.000 0.000 0.000 0.991 0.000 0.000 0.001 0.008 
 321 E E   0.000 0.000 0.000 0.980 0.001 0.000 0.000 0.018 
 322 L E   0.000 0.000 0.000 0.784 0.005 0.001 0.004 0.206 
 323 S L   0.000 0.001 0.000 0.252 0.010 0.007 0.291 0.439 
 324 E S   0.000 0.003 0.000 0.047 0.004 0.020 0.800 0.127 
 325 P L   0.000 0.005 0.000 0.043 0.005 0.035 0.335 0.578 
 326 D L   0.001 0.003 0.000 0.225 0.012 0.021 0.057 0.680 
 327 V E   0.000 0.001 0.000 0.568 0.006 0.005 0.023 0.396 
 328 H E   0.000 0.000 0.000 0.929 0.002 0.001 0.007 0.061 
 329 G E   0.000 0.000 0.000 0.977 0.000 0.000 0.001 0.021 
 330 Q E   0.000 0.000 0.000 0.989 0.000 0.000 0.000 0.011 
 331 W E   0.000 0.000 0.000 0.994 0.000 0.000 0.001 0.005 
 332 K E   0.000 0.000 0.000 0.990 0.000 0.000 0.000 0.010 
 333 L E   0.000 0.000 0.000 0.968 0.005 0.002 0.009 0.016 
 334 K T   0.001 0.001 0.000 0.007 0.000 0.963 0.021 0.007 
 335 G T   0.000 0.001 0.000 0.005 0.000 0.960 0.020 0.013 
 336 Q E   0.000 0.000 0.000 0.967 0.011 0.004 0.007 0.010 
 337 P E   0.000 0.000 0.000 0.961 0.010 0.000 0.002 0.026 
 338 L L   0.000 0.001 0.000 0.029 0.001 0.002 0.019 0.948 
 339 A L   0.003 0.013 0.000 0.008 0.011 0.021 0.151 0.794 
 340 A L   0.003 0.010 0.000 0.012 0.034 0.024 0.345 0.572 
 341 S L   0.001 0.003 0.000 0.015 0.019 0.006 0.152 0.804 
 342 P T   0.002 0.006 0.000 0.006 0.008 0.541 0.297 0.141 
 343 D T   0.000 0.004 0.000 0.038 0.001 0.579 0.267 0.110 
 344 C E   0.000 0.001 0.000 0.828 0.009 0.003 0.057 0.102 
 345 E E   0.000 0.000 0.000 0.981 0.001 0.000 0.007 0.010 
 346 I E   0.000 0.000 0.000 0.991 0.000 0.000 0.000 0.008 
 347 I E   0.000 0.000 0.000 0.997 0.000 0.000 0.000 0.003 
 348 E E   0.000 0.000 0.000 0.985 0.001 0.001 0.001 0.011 
 349 D E   0.000 0.003 0.000 0.760 0.005 0.018 0.035 0.180 
 350 G T   0.001 0.005 0.000 0.007 0.001 0.625 0.340 0.022 
 351 K T   0.001 0.004 0.000 0.009 0.000 0.619 0.346 0.021 
 352 K E   0.000 0.001 0.000 0.878 0.007 0.006 0.029 0.078 
 353 H E   0.000 0.000 0.000 0.987 0.001 0.000 0.002 0.010 
 354 I E   0.000 0.000 0.000 0.995 0.000 0.000 0.000 0.004 
 355 L E   0.000 0.000 0.000 0.995 0.000 0.000 0.001 0.004 
 356 I E   0.000 0.000 0.000 0.995 0.000 0.001 0.001 0.003 
 357 L E   0.000 0.000 0.000 0.970 0.003 0.003 0.004 0.020 
 358 H E   0.000 0.001 0.000 0.452 0.003 0.004 0.089 0.451 
 359 N L   0.001 0.001 0.000 0.179 0.012 0.014 0.322 0.471 
 360 C L   0.000 0.001 0.000 0.037 0.014 0.004 0.028 0.917 
 361 Q L   0.001 0.013 0.000 0.014 0.020 0.007 0.049 0.896 
 362 L T   0.023 0.322 0.000 0.004 0.002 0.442 0.085 0.121 
 363 G T   0.020 0.340 0.000 0.004 0.002 0.461 0.086 0.087 
 364 M G   0.018 0.325 0.000 0.020 0.007 0.116 0.207 0.308 
 365 T L   0.004 0.013 0.000 0.120 0.005 0.022 0.075 0.762 
 366 G E   0.001 0.002 0.000 0.787 0.006 0.008 0.082 0.115 
 367 E E   0.000 0.000 0.000 0.946 0.001 0.001 0.009 0.043 
 368 V E   0.000 0.000 0.000 0.979 0.000 0.000 0.004 0.016 
 369 S E   0.000 0.000 0.000 0.996 0.000 0.000 0.000 0.003 
 370 F E   0.000 0.000 0.000 0.995 0.000 0.000 0.000 0.004 
 371 Q E   0.000 0.000 0.000 0.994 0.000 0.000 0.000 0.005 
 372 A E   0.000 0.000 0.000 0.995 0.000 0.000 0.000 0.004 
 373 A E   0.000 0.000 0.000 0.914 0.002 0.000 0.006 0.077 
 374 N E   0.000 0.001 0.000 0.531 0.009 0.006 0.083 0.370 
 375 T S   0.000 0.003 0.000 0.013 0.001 0.308 0.657 0.018 
 376 K S   0.000 0.005 0.000 0.020 0.001 0.315 0.600 0.060 
 377 S E   0.000 0.002 0.000 0.511 0.006 0.007 0.065 0.409 
 378 A E   0.000 0.000 0.000 0.893 0.003 0.001 0.007 0.096 
 379 A E   0.000 0.000 0.000 0.973 0.000 0.000 0.001 0.025 
 380 N E   0.000 0.000 0.000 0.990 0.000 0.000 0.001 0.009 
 381 L E   0.000 0.000 0.000 0.995 0.000 0.000 0.001 0.004 
 382 K E   0.000 0.000 0.000 0.996 0.000 0.000 0.000 0.003 
 383 V E   0.000 0.000 0.000 0.989 0.000 0.000 0.000 0.010 
 384 K E   0.000 0.000 0.000 0.972 0.001 0.001 0.003 0.023 
 385 E E   0.000 0.000 0.000 0.868 0.004 0.002 0.007 0.118 
 386 L L   0.000 0.001 0.000 0.113 0.002 0.005 0.045 0.835 
 387 R L   0.001 0.006 0.000 0.039 0.018 0.013 0.117 0.806 
 388 S L   0.000 0.009 0.000 0.027 0.021 0.014 0.333 0.596 
 389 T L   0.001 0.010 0.000 0.051 0.027 0.020 0.368 0.524 
 390 A L   0.000 0.006 0.000 0.090 0.014 0.016 0.214 0.660 
 391 L L   0.000 0.003 0.000 0.200 0.005 0.009 0.135 0.647 
 392 I E   0.001 0.001 0.000 0.640 0.006 0.003 0.039 0.310 
 393 E E   0.000 0.001 0.000 0.893 0.003 0.000 0.005 0.098 
 394 V E   0.000 0.001 0.000 0.931 0.002 0.001 0.002 0.064 
 395 E E   0.000 0.001 0.000 0.907 0.006 0.002 0.008 0.076 
 396 K E   0.000 0.001 0.000 0.512 0.005 0.003 0.056 0.423 
 397 P L   0.000 0.001 0.000 0.226 0.007 0.004 0.035 0.727 
 398 L L   0.000 0.002 0.000 0.181 0.012 0.010 0.081 0.714 
 399 Y L   0.001 0.006 0.000 0.290 0.015 0.035 0.199 0.454 
 400 G L   0.001 0.004 0.000 0.456 0.005 0.019 0.050 0.466 
 401 V E   0.001 0.003 0.000 0.761 0.012 0.004 0.022 0.198 
 402 E E   0.001 0.001 0.000 0.840 0.006 0.001 0.007 0.143 
 403 V E   0.000 0.001 0.000 0.809 0.017 0.001 0.005 0.167 
 404 F E   0.000 0.001 0.000 0.535 0.013 0.003 0.013 0.434 
 405 V T   0.001 0.005 0.000 0.018 0.001 0.939 0.021 0.015 
 406 G T   0.000 0.003 0.000 0.003 0.000 0.961 0.018 0.015 
 407 E L   0.000 0.002 0.000 0.043 0.001 0.009 0.117 0.828 
 408 T E   0.000 0.000 0.000 0.629 0.017 0.006 0.012 0.335 
 409 A E   0.000 0.000 0.000 0.982 0.001 0.000 0.002 0.014 
 410 H E   0.000 0.000 0.000 0.995 0.000 0.000 0.000 0.004 
 411 F E   0.000 0.000 0.000 0.996 0.000 0.000 0.001 0.003 
 412 E E   0.000 0.000 0.000 0.990 0.000 0.000 0.001 0.009 
 413 I E   0.000 0.000 0.000 0.986 0.000 0.000 0.001 0.013 
 414 E E   0.000 0.000 0.000 0.979 0.001 0.000 0.000 0.019 
 415 L E   0.000 0.000 0.000 0.828 0.004 0.000 0.003 0.165 
 416 S L   0.000 0.001 0.000 0.364 0.014 0.006 0.178 0.437 
 417 E S   0.000 0.004 0.000 0.049 0.003 0.031 0.782 0.132 
 418 P S   0.000 0.007 0.000 0.027 0.005 0.078 0.485 0.398 
 419 D L   0.001 0.006 0.000 0.101 0.005 0.064 0.118 0.705 
 420 V E   0.001 0.002 0.000 0.525 0.009 0.030 0.054 0.380 
 421 H E   0.000 0.001 0.000 0.899 0.003 0.004 0.013 0.080 
 422 G E   0.000 0.000 0.000 0.952 0.000 0.000 0.002 0.045 
 423 Q E   0.000 0.000 0.000 0.981 0.000 0.000 0.000 0.018 
 424 W E   0.000 0.000 0.000 0.995 0.000 0.000 0.001 0.004 
 425 K E   0.000 0.000 0.000 0.992 0.000 0.000 0.000 0.008 
 426 L E   0.000 0.000 0.000 0.970 0.004 0.003 0.009 0.014 
 427 K T   0.001 0.001 0.000 0.008 0.000 0.961 0.022 0.007 
 428 G T   0.000 0.001 0.000 0.006 0.000 0.958 0.021 0.014 
 429 Q E   0.000 0.000 0.000 0.968 0.010 0.005 0.007 0.010 
 430 P E   0.000 0.000 0.000 0.964 0.009 0.000 0.002 0.025 
 431 L L   0.000 0.001 0.000 0.028 0.001 0.001 0.016 0.953 
 432 A L   0.002 0.009 0.000 0.007 0.011 0.013 0.115 0.842 
 433 A L   0.002 0.008 0.000 0.011 0.037 0.016 0.308 0.618 
 434 S L   0.000 0.003 0.000 0.010 0.014 0.006 0.123 0.843 
 435 P T   0.002 0.006 0.000 0.007 0.007 0.375 0.316 0.286 
 436 D T   0.001 0.004 0.000 0.057 0.002 0.426 0.318 0.193 
 437 C E   0.000 0.001 0.000 0.804 0.009 0.003 0.064 0.119 
 438 E E   0.000 0.000 0.000 0.979 0.001 0.000 0.008 0.011 
 439 I E   0.000 0.000 0.000 0.990 0.000 0.000 0.001 0.009 
 440 I E   0.000 0.000 0.000 0.995 0.000 0.000 0.000 0.005 
 441 E E   0.000 0.000 0.000 0.982 0.001 0.001 0.001 0.014 
 442 D E   0.001 0.004 0.000 0.786 0.005 0.028 0.027 0.150 
 443 G T   0.001 0.006 0.000 0.010 0.001 0.671 0.286 0.027 
 444 K T   0.001 0.005 0.000 0.013 0.000 0.654 0.298 0.029 
 445 K E   0.001 0.001 0.000 0.869 0.007 0.009 0.035 0.078 
 446 H E   0.000 0.000 0.000 0.981 0.001 0.000 0.004 0.013 
 447 I E   0.000 0.000 0.000 0.994 0.000 0.000 0.001 0.004 
 448 L E   0.000 0.000 0.000 0.995 0.000 0.000 0.001 0.004 
 449 I E   0.000 0.000 0.000 0.994 0.000 0.001 0.001 0.003 
 450 L E   0.000 0.001 0.000 0.963 0.003 0.003 0.005 0.026 
 451 H E   0.000 0.001 0.000 0.471 0.003 0.006 0.138 0.381 
 452 N L   0.000 0.001 0.000 0.190 0.012 0.014 0.351 0.431 
 453 C L   0.000 0.001 0.000 0.030 0.011 0.004 0.028 0.926 
 454 Q L   0.001 0.019 0.000 0.013 0.022 0.009 0.070 0.867 
 455 L T   0.015 0.230 0.000 0.004 0.003 0.581 0.095 0.073 
 456 G T   0.011 0.245 0.000 0.004 0.001 0.587 0.085 0.067 
 457 M L   0.009 0.224 0.000 0.035 0.007 0.063 0.202 0.460 
 458 T L   0.003 0.012 0.000 0.204 0.006 0.015 0.055 0.705 
 459 G E   0.001 0.002 0.000 0.875 0.004 0.005 0.040 0.072 
 460 E E   0.000 0.000 0.000 0.971 0.001 0.000 0.006 0.022 
 461 V E   0.000 0.000 0.000 0.987 0.000 0.000 0.002 0.010 
 462 S E   0.000 0.000 0.000 0.996 0.000 0.000 0.000 0.003 
 463 F E   0.000 0.000 0.000 0.994 0.000 0.000 0.001 0.005 
 464 Q E   0.000 0.000 0.000 0.995 0.000 0.000 0.000 0.005 
 465 A E   0.000 0.000 0.000 0.995 0.000 0.000 0.000 0.003 
 466 A E   0.000 0.000 0.000 0.908 0.002 0.001 0.006 0.083 
 467 N E   0.000 0.001 0.000 0.482 0.010 0.007 0.109 0.391 
 468 T S   0.000 0.003 0.000 0.016 0.001 0.234 0.721 0.025 
 469 K S   0.000 0.005 0.000 0.023 0.001 0.242 0.659 0.071 
 470 S E   0.000 0.003 0.000 0.493 0.006 0.010 0.089 0.400 
 471 A E   0.000 0.000 0.000 0.883 0.003 0.001 0.008 0.105 
 472 A E   0.000 0.000 0.000 0.972 0.000 0.000 0.001 0.026 
 473 N E   0.000 0.000 0.000 0.990 0.000 0.000 0.001 0.009 
 474 L E   0.000 0.000 0.000 0.995 0.000 0.000 0.001 0.004 
 475 K E   0.000 0.000 0.000 0.995 0.000 0.000 0.000 0.004 
 476 V E   0.000 0.000 0.000 0.987 0.000 0.000 0.000 0.012 
 477 K E   0.000 0.000 0.000 0.974 0.000 0.001 0.002 0.022 
 478 E E   0.000 0.000 0.000 0.892 0.003 0.001 0.004 0.099 
 479 L L   0.000 0.001 0.000 0.366 0.002 0.006 0.037 0.587 
 480 R L   0.001 0.008 0.000 0.242 0.027 0.014 0.132 0.576 
 481 S L   0.001 0.013 0.000 0.146 0.033 0.014 0.117 0.676 
 482 T L   0.001 0.019 0.000 0.095 0.015 0.033 0.293 0.544 
 483 S L   0.001 0.012 0.000 0.112 0.019 0.031 0.315 0.511 
 484 L L   0.001 0.007 0.000 0.167 0.005 0.010 0.125 0.686 
 485 I L   0.001 0.002 0.000 0.448 0.005 0.003 0.034 0.507 
 486 E E   0.001 0.001 0.000 0.848 0.007 0.001 0.007 0.135 
 487 V E   0.000 0.001 0.000 0.898 0.003 0.001 0.004 0.093 
 488 E E   0.001 0.002 0.000 0.879 0.008 0.005 0.016 0.090 
 489 K E   0.000 0.001 0.000 0.604 0.007 0.004 0.072 0.312 
 490 P L   0.000 0.001 0.000 0.290 0.006 0.004 0.032 0.667 
 491 L L   0.000 0.002 0.000 0.233 0.010 0.010 0.061 0.684 
 492 Y L   0.001 0.005 0.000 0.332 0.013 0.035 0.189 0.425 
 493 G E   0.001 0.004 0.000 0.506 0.004 0.021 0.060 0.403 
 494 V E   0.001 0.003 0.000 0.817 0.008 0.004 0.019 0.148 
 495 E E   0.001 0.001 0.000 0.890 0.006 0.001 0.006 0.095 
 496 V E   0.000 0.001 0.000 0.843 0.013 0.001 0.005 0.136 
 497 F E   0.000 0.001 0.000 0.523 0.011 0.003 0.014 0.448 
 498 V T   0.001 0.005 0.000 0.019 0.001 0.938 0.022 0.014 
 499 G T   0.000 0.003 0.000 0.003 0.000 0.961 0.018 0.015 
 500 E L   0.000 0.002 0.000 0.042 0.001 0.009 0.112 0.833 
 501 T E   0.000 0.000 0.000 0.662 0.017 0.007 0.012 0.300 
 502 A E   0.000 0.000 0.000 0.985 0.001 0.000 0.002 0.011 
 503 H E   0.000 0.000 0.000 0.995 0.000 0.000 0.000 0.004 
 504 F E   0.000 0.000 0.000 0.996 0.000 0.000 0.001 0.003 
 505 E E   0.000 0.000 0.000 0.992 0.000 0.000 0.001 0.007 
 506 I E   0.000 0.000 0.000 0.988 0.000 0.000 0.001 0.011 
 507 E E   0.000 0.000 0.000 0.968 0.001 0.000 0.001 0.030 
 508 L E   0.000 0.000 0.000 0.732 0.006 0.001 0.004 0.257 
 509 S L   0.000 0.001 0.000 0.268 0.014 0.007 0.264 0.446 
 510 E S   0.000 0.003 0.000 0.047 0.003 0.018 0.804 0.124 
 511 P L   0.000 0.005 0.000 0.044 0.006 0.028 0.332 0.585 
 512 D L   0.001 0.003 0.000 0.214 0.015 0.014 0.053 0.701 
 513 V E   0.000 0.001 0.000 0.520 0.007 0.006 0.027 0.439 
 514 H E   0.000 0.000 0.000 0.897 0.002 0.001 0.009 0.090 
 515 G E   0.000 0.000 0.000 0.966 0.000 0.000 0.001 0.032 
 516 Q E   0.000 0.000 0.000 0.983 0.000 0.000 0.000 0.016 
 517 W E   0.000 0.000 0.000 0.993 0.000 0.000 0.001 0.006 
 518 K E   0.000 0.000 0.000 0.990 0.000 0.000 0.000 0.009 
 519 L E   0.000 0.000 0.000 0.972 0.004 0.002 0.007 0.014 
 520 K T   0.001 0.001 0.000 0.008 0.000 0.960 0.022 0.008 
 521 G T   0.000 0.001 0.000 0.006 0.000 0.957 0.020 0.015 
 522 Q E   0.000 0.000 0.000 0.967 0.011 0.005 0.007 0.010 
 523 P E   0.000 0.000 0.000 0.962 0.010 0.000 0.002 0.026 
 524 L L   0.000 0.001 0.000 0.025 0.001 0.002 0.018 0.954 
 525 A L   0.002 0.011 0.000 0.009 0.011 0.016 0.108 0.844 
 526 A L   0.003 0.008 0.000 0.017 0.054 0.016 0.209 0.693 
 527 S L   0.001 0.004 0.000 0.015 0.018 0.006 0.092 0.865 
 528 P T   0.002 0.006 0.000 0.007 0.008 0.466 0.291 0.220 
 529 D T   0.001 0.004 0.000 0.050 0.002 0.507 0.277 0.159 
 530 C E   0.000 0.001 0.000 0.782 0.009 0.003 0.072 0.133 
 531 E E   0.000 0.000 0.000 0.975 0.001 0.000 0.008 0.015 
 532 I E   0.000 0.000 0.000 0.988 0.000 0.000 0.001 0.011 
 533 I E   0.000 0.000 0.000 0.994 0.000 0.000 0.000 0.005 
 534 E E   0.000 0.000 0.000 0.981 0.001 0.001 0.001 0.015 
 535 D E   0.001 0.004 0.000 0.783 0.005 0.029 0.029 0.149 
 536 G T   0.001 0.006 0.000 0.009 0.001 0.673 0.283 0.027 
 537 K T   0.001 0.006 0.000 0.011 0.000 0.655 0.296 0.031 
 538 K E   0.001 0.001 0.000 0.867 0.007 0.010 0.035 0.078 
 539 H E   0.000 0.000 0.000 0.981 0.001 0.000 0.004 0.013 
 540 I E   0.000 0.000 0.000 0.994 0.000 0.000 0.001 0.004 
 541 L E   0.000 0.000 0.000 0.995 0.000 0.000 0.001 0.004 
 542 I E   0.000 0.000 0.000 0.993 0.000 0.001 0.001 0.004 
 543 L E   0.000 0.001 0.000 0.963 0.003 0.003 0.005 0.025 
 544 H E   0.000 0.001 0.000 0.503 0.003 0.006 0.129 0.358 
 545 N L   0.001 0.001 0.000 0.247 0.014 0.014 0.334 0.388 
 546 C L   0.000 0.001 0.000 0.050 0.013 0.002 0.025 0.909 
 547 Q L   0.001 0.013 0.000 0.016 0.020 0.007 0.045 0.899 
 548 L T   0.017 0.300 0.000 0.003 0.002 0.523 0.082 0.073 
 549 G T   0.014 0.318 0.000 0.003 0.001 0.529 0.077 0.058 
 550 M L   0.012 0.301 0.000 0.017 0.006 0.079 0.199 0.386 
 551 T L   0.003 0.012 0.000 0.114 0.004 0.017 0.054 0.795 
 552 G E   0.001 0.002 0.000 0.862 0.005 0.006 0.045 0.079 
 553 E E   0.000 0.000 0.000 0.965 0.001 0.000 0.006 0.027 
 554 V E   0.000 0.000 0.000 0.984 0.000 0.000 0.003 0.013 
 555 S E   0.000 0.000 0.000 0.996 0.000 0.000 0.000 0.003 
 556 F E   0.000 0.000 0.000 0.994 0.000 0.000 0.001 0.005 
 557 Q E   0.000 0.000 0.000 0.993 0.000 0.000 0.000 0.006 
 558 A E   0.000 0.000 0.000 0.996 0.000 0.000 0.000 0.003 
 559 A E   0.000 0.000 0.000 0.944 0.002 0.000 0.004 0.050 
 560 N E   0.000 0.001 0.000 0.563 0.008 0.006 0.078 0.344 
 561 T S   0.000 0.004 0.000 0.010 0.001 0.389 0.578 0.018 
 562 K S   0.000 0.005 0.000 0.011 0.000 0.393 0.549 0.042 
 563 S E   0.000 0.002 0.000 0.606 0.006 0.011 0.072 0.302 
 564 A E   0.000 0.000 0.000 0.914 0.003 0.001 0.007 0.075 
 565 A E   0.000 0.000 0.000 0.972 0.000 0.000 0.001 0.027 
 566 N E   0.000 0.000 0.000 0.988 0.000 0.000 0.001 0.011 
 567 L E   0.000 0.000 0.000 0.994 0.000 0.000 0.001 0.005 
 568 K E   0.000 0.000 0.000 0.995 0.000 0.000 0.000 0.005 
 569 V E   0.000 0.000 0.000 0.985 0.000 0.000 0.001 0.013 
 570 K E   0.000 0.000 0.000 0.950 0.001 0.001 0.004 0.044 
 571 E E   0.000 0.001 0.000 0.804 0.004 0.002 0.007 0.182 
 572 L L   0.000 0.002 0.000 0.302 0.003 0.011 0.053 0.628 
 573 R L   0.001 0.010 0.000 0.216 0.013 0.022 0.253 0.484 
 574 S L   0.001 0.012 0.000 0.222 0.028 0.013 0.149 0.575 
 575 V L   0.002 0.012 0.000 0.233 0.034 0.013 0.077 0.628 
 576 D L   0.001 0.005 0.000 0.227 0.018 0.014 0.120 0.614 
 577 L L   0.000 0.003 0.000 0.268 0.004 0.009 0.061 0.654 
 578 I E   0.001 0.002 0.000 0.520 0.003 0.003 0.033 0.437 
 579 E E   0.001 0.002 0.000 0.882 0.004 0.001 0.005 0.105 
 580 V E   0.001 0.001 0.000 0.929 0.002 0.001 0.002 0.065 
 581 E E   0.001 0.001 0.000 0.896 0.007 0.005 0.012 0.079 
 582 K E   0.000 0.001 0.000 0.532 0.006 0.003 0.079 0.379 
 583 P L   0.000 0.001 0.000 0.246 0.007 0.004 0.042 0.701 
 584 L L   0.000 0.001 0.000 0.201 0.010 0.009 0.086 0.692 
 585 Y L   0.000 0.004 0.000 0.340 0.014 0.025 0.189 0.428 
 586 G E   0.001 0.003 0.000 0.541 0.004 0.015 0.047 0.389 
 587 V E   0.001 0.002 0.000 0.836 0.008 0.003 0.020 0.129 
 588 E E   0.001 0.001 0.000 0.909 0.004 0.001 0.005 0.080 
 589 V E   0.000 0.001 0.000 0.890 0.009 0.000 0.003 0.096 
 590 F E   0.000 0.001 0.000 0.665 0.013 0.004 0.011 0.306 
 591 V T   0.001 0.006 0.000 0.023 0.001 0.934 0.019 0.017 
 592 G T   0.000 0.003 0.000 0.002 0.000 0.960 0.020 0.015 
 593 E L   0.000 0.003 0.000 0.042 0.001 0.014 0.201 0.739 
 594 T E   0.000 0.001 0.000 0.575 0.020 0.009 0.018 0.377 
 595 A E   0.000 0.000 0.000 0.982 0.002 0.000 0.002 0.014 
 596 H E   0.000 0.000 0.000 0.995 0.000 0.000 0.000 0.005 
 597 F E   0.000 0.000 0.000 0.996 0.000 0.000 0.001 0.003 
 598 E E   0.000 0.000 0.000 0.993 0.000 0.000 0.001 0.006 
 599 I E   0.000 0.000 0.000 0.992 0.000 0.000 0.000 0.007 
 600 E E   0.000 0.000 0.000 0.986 0.000 0.000 0.000 0.013 
 601 L E   0.000 0.000 0.000 0.908 0.003 0.000 0.002 0.087 
 602 S E   0.000 0.001 0.000 0.557 0.014 0.006 0.117 0.305 
 603 E S   0.000 0.003 0.000 0.087 0.003 0.019 0.725 0.163 
 604 P L   0.000 0.004 0.000 0.045 0.009 0.029 0.372 0.540 
 605 D L   0.000 0.002 0.000 0.091 0.006 0.015 0.095 0.791 
 606 V L   0.000 0.001 0.000 0.460 0.008 0.011 0.042 0.477 
 607 H E   0.000 0.001 0.000 0.922 0.002 0.002 0.010 0.063 
 608 G E   0.000 0.000 0.000 0.978 0.000 0.000 0.001 0.020 
 609 Q E   0.000 0.000 0.000 0.986 0.000 0.000 0.000 0.013 
 610 W E   0.000 0.000 0.000 0.994 0.000 0.000 0.001 0.005 
 611 K E   0.000 0.000 0.000 0.991 0.000 0.000 0.000 0.009 
 612 L E   0.000 0.000 0.000 0.972 0.004 0.002 0.008 0.014 
 613 K T   0.001 0.001 0.000 0.008 0.000 0.963 0.020 0.007 
 614 G T   0.000 0.001 0.000 0.005 0.000 0.960 0.020 0.013 
 615 Q E   0.000 0.000 0.000 0.968 0.011 0.004 0.006 0.010 
 616 P E   0.000 0.000 0.000 0.962 0.010 0.000 0.002 0.025 
 617 L L   0.000 0.001 0.000 0.028 0.001 0.002 0.019 0.950 
 618 A L   0.003 0.013 0.000 0.010 0.011 0.019 0.126 0.819 
 619 A L   0.003 0.010 0.000 0.019 0.058 0.020 0.242 0.647 
 620 S L   0.001 0.004 0.000 0.017 0.020 0.006 0.113 0.840 
 621 P T   0.002 0.006 0.000 0.005 0.007 0.528 0.327 0.126 
 622 D T   0.000 0.004 0.000 0.034 0.001 0.561 0.290 0.109 
 623 C E   0.000 0.001 0.000 0.811 0.010 0.003 0.061 0.115 
 624 E E   0.000 0.000 0.000 0.980 0.001 0.000 0.007 0.012 
 625 I E   0.000 0.000 0.000 0.990 0.000 0.000 0.000 0.009 
 626 I E   0.000 0.000 0.000 0.996 0.000 0.000 0.000 0.003 
 627 E E   0.000 0.000 0.000 0.985 0.001 0.001 0.001 0.011 
 628 D E   0.001 0.003 0.000 0.749 0.005 0.020 0.030 0.193 
 629 G T   0.001 0.005 0.000 0.008 0.001 0.637 0.327 0.022 
 630 K T   0.001 0.005 0.000 0.012 0.001 0.615 0.342 0.025 
 631 K E   0.000 0.001 0.000 0.883 0.007 0.006 0.025 0.078 
 632 H E   0.000 0.000 0.000 0.987 0.001 0.000 0.003 0.009 
 633 I E   0.000 0.000 0.000 0.996 0.000 0.000 0.001 0.003 
 634 L E   0.000 0.000 0.000 0.995 0.000 0.000 0.001 0.003 
 635 I E   0.000 0.000 0.000 0.995 0.000 0.001 0.001 0.002 
 636 L E   0.000 0.001 0.000 0.967 0.004 0.003 0.005 0.021 
 637 H L   0.000 0.001 0.000 0.295 0.002 0.009 0.225 0.467 
 638 N S   0.001 0.001 0.000 0.087 0.008 0.015 0.576 0.312 
 639 C L   0.000 0.001 0.000 0.019 0.014 0.002 0.019 0.945 
 640 Q L   0.001 0.010 0.000 0.009 0.017 0.003 0.023 0.938 
 641 L T   0.016 0.385 0.000 0.003 0.002 0.476 0.059 0.059 
 642 G T   0.013 0.406 0.000 0.003 0.001 0.483 0.051 0.043 
 643 M G   0.011 0.387 0.000 0.017 0.005 0.057 0.164 0.359 
 644 T L   0.002 0.011 0.000 0.151 0.005 0.011 0.043 0.775 
 645 G E   0.001 0.001 0.000 0.910 0.004 0.004 0.030 0.050 
 646 E E   0.000 0.000 0.000 0.977 0.001 0.000 0.005 0.017 
 647 V E   0.000 0.000 0.000 0.988 0.000 0.000 0.002 0.010 
 648 S E   0.000 0.000 0.000 0.997 0.000 0.000 0.000 0.002 
 649 F E   0.000 0.000 0.000 0.995 0.000 0.000 0.000 0.004 
 650 Q E   0.000 0.000 0.000 0.994 0.000 0.000 0.000 0.006 
 651 A E   0.000 0.000 0.000 0.998 0.000 0.000 0.000 0.002 
 652 A E   0.000 0.000 0.000 0.968 0.001 0.000 0.002 0.029 
 653 N E   0.000 0.001 0.000 0.554 0.007 0.003 0.030 0.406 
 654 T S   0.000 0.002 0.000 0.007 0.001 0.319 0.657 0.013 
 655 K S   0.000 0.003 0.000 0.008 0.000 0.319 0.643 0.026 
 656 S E   0.000 0.001 0.000 0.569 0.006 0.006 0.081 0.337 
 657 A E   0.000 0.000 0.000 0.932 0.003 0.001 0.005 0.058 
 658 A E   0.000 0.000 0.000 0.981 0.000 0.000 0.001 0.018 
 659 N E   0.000 0.000 0.000 0.990 0.000 0.000 0.001 0.009 
 660 L E   0.000 0.000 0.000 0.993 0.000 0.000 0.001 0.006 
 661 K E   0.000 0.000 0.000 0.992 0.000 0.000 0.000 0.007 
 662 V E   0.000 0.000 0.000 0.981 0.000 0.001 0.001 0.017 
 663 K E   0.000 0.000 0.000 0.900 0.001 0.001 0.006 0.091 
 664 E E   0.000 0.001 0.000 0.716 0.006 0.002 0.011 0.264 
 665 L L   0.000 0.003 0.000 0.219 0.004 0.005 0.022 0.747 
 666 R L   0.002 0.013 0.000 0.068 0.017 0.019 0.061 0.820 
 667 S L   0.006 0.031 0.000 0.020 0.012 0.090 0.091 0.750 
 668 G L   0.008 0.041 0.000 0.013 0.010 0.138 0.221 0.570 
 669 S L   0.008 0.039 0.000 0.019 0.016 0.126 0.163 0.628 
 670 M L   0.006 0.033 0.000 0.015 0.014 0.147 0.211 0.573 
 671 D L   0.004 0.024 0.000 0.012 0.010 0.140 0.206 0.604 
 672 K L   0.004 0.023 0.000 0.021 0.009 0.228 0.272 0.444 
 673 D L   0.002 0.013 0.000 0.063 0.007 0.177 0.086 0.653 
 674 C L   0.001 0.006 0.000 0.256 0.013 0.009 0.032 0.682 
 675 E E   0.001 0.003 0.000 0.537 0.008 0.006 0.032 0.414 
 676 M E   0.000 0.002 0.000 0.736 0.002 0.002 0.011 0.247 
 677 K E   0.000 0.001 0.000 0.935 0.001 0.001 0.013 0.048 
 678 R E   0.000 0.000 0.000 0.992 0.000 0.000 0.002 0.005 
 679 T E   0.000 0.000 0.000 0.997 0.000 0.000 0.000 0.002 
 680 T E   0.000 0.000 0.000 0.994 0.000 0.000 0.000 0.006 
 681 L E   0.000 0.000 0.000 0.988 0.000 0.002 0.003 0.007 
 682 D E   0.000 0.001 0.000 0.840 0.004 0.006 0.054 0.094 
 683 S L   0.000 0.001 0.000 0.272 0.008 0.004 0.063 0.651 
 684 P S   0.001 0.008 0.000 0.014 0.003 0.334 0.531 0.109 
 685 L S   0.000 0.005 0.000 0.018 0.000 0.331 0.623 0.022 
 686 G E   0.001 0.006 0.000 0.592 0.011 0.016 0.161 0.214 
 687 K E   0.000 0.001 0.000 0.822 0.003 0.004 0.057 0.113 
 688 L E   0.000 0.000 0.000 0.986 0.001 0.001 0.002 0.009 
 689 E E   0.000 0.000 0.000 0.996 0.000 0.000 0.001 0.002 
 690 L E   0.000 0.000 0.000 0.997 0.000 0.000 0.000 0.003 
 691 S E   0.000 0.000 0.000 0.997 0.000 0.000 0.000 0.003 
 692 G E   0.000 0.000 0.000 0.981 0.000 0.000 0.001 0.017 
 693 C E   0.000 0.001 0.000 0.826 0.005 0.004 0.018 0.146 
 694 E S   0.001 0.009 0.000 0.025 0.001 0.440 0.504 0.021 
 695 Q T   0.001 0.009 0.000 0.012 0.000 0.505 0.455 0.018 
 696 G E   0.002 0.010 0.000 0.541 0.006 0.122 0.193 0.127 
 697 L E   0.000 0.000 0.000 0.962 0.002 0.004 0.007 0.024 
 698 H E   0.000 0.000 0.000 0.991 0.000 0.000 0.001 0.008 
 699 R E   0.000 0.000 0.000 0.997 0.000 0.000 0.000 0.003 
 700 I E   0.000 0.000 0.000 0.993 0.000 0.000 0.000 0.006 
 701 I E   0.000 0.000 0.000 0.988 0.000 0.000 0.001 0.010 
 702 F E   0.001 0.001 0.000 0.955 0.002 0.005 0.004 0.033 
 703 L L   0.001 0.004 0.000 0.422 0.004 0.024 0.065 0.479 
 704 G L   0.003 0.011 0.000 0.061 0.004 0.055 0.195 0.671 
 705 K L   0.010 0.020 0.000 0.016 0.007 0.201 0.234 0.512 
 706 G L   0.011 0.020 0.000 0.011 0.009 0.180 0.084 0.686 
 707 T L   0.022 0.025 0.000 0.011 0.019 0.024 0.106 0.793 
 708 S L   0.036 0.053 0.000 0.005 0.005 0.025 0.068 0.808 
 709 A G   0.225 0.362 0.000 0.007 0.004 0.052 0.030 0.321 
 710 A G   0.221 0.406 0.000 0.006 0.003 0.037 0.037 0.289 
 711 D G   0.222 0.440 0.000 0.008 0.004 0.018 0.028 0.280 
 712 A G   0.236 0.454 0.000 0.014 0.007 0.022 0.027 0.239 
 713 V G   0.182 0.403 0.000 0.013 0.008 0.065 0.045 0.285 
 714 E G   0.134 0.339 0.000 0.012 0.008 0.121 0.086 0.300 
 715 V L   0.004 0.005 0.000 0.011 0.009 0.007 0.472 0.492 
 716 P L   0.003 0.002 0.000 0.013 0.011 0.009 0.094 0.868 
 717 A L   0.008 0.011 0.000 0.011 0.011 0.022 0.172 0.766 
 718 P L   0.012 0.056 0.000 0.003 0.001 0.032 0.080 0.816 
 719 A L   0.023 0.102 0.000 0.032 0.001 0.026 0.038 0.778 
 720 A E   0.035 0.098 0.000 0.598 0.017 0.021 0.020 0.211 
 721 V E   0.032 0.077 0.000 0.679 0.044 0.026 0.022 0.119 
 722 L L   0.009 0.021 0.000 0.293 0.007 0.053 0.059 0.557 
 723 G L   0.003 0.006 0.000 0.047 0.006 0.075 0.185 0.678 
 724 G L   0.003 0.002 0.000 0.004 0.003 0.017 0.454 0.517 
 725 P L   0.019 0.003 0.000 0.002 0.005 0.012 0.341 0.618 
 726 E H   0.687 0.032 0.000 0.002 0.003 0.077 0.101 0.098 
 727 P H   0.851 0.038 0.000 0.001 0.001 0.085 0.014 0.010 
 728 L H   0.905 0.036 0.000 0.000 0.000 0.039 0.008 0.011 
 729 M H   0.976 0.006 0.000 0.000 0.000 0.005 0.003 0.010 
 730 Q H   0.992 0.001 0.000 0.000 0.000 0.002 0.001 0.003 
 731 A H   0.997 0.000 0.000 0.000 0.000 0.001 0.000 0.001 
 732 T H   0.998 0.000 0.000 0.000 0.000 0.001 0.000 0.000 
 733 A H   0.999 0.000 0.000 0.000 0.000 0.001 0.000 0.000 
 734 W H   0.998 0.000 0.000 0.000 0.000 0.001 0.000 0.001 
 735 L H   0.997 0.000 0.000 0.000 0.000 0.002 0.000 0.001 
 736 N H   0.995 0.001 0.000 0.000 0.000 0.002 0.000 0.001 
 737 A H   0.991 0.002 0.000 0.000 0.000 0.005 0.001 0.001 
 738 Y H   0.978 0.004 0.000 0.001 0.000 0.011 0.002 0.003 
 739 F H   0.891 0.004 0.000 0.002 0.001 0.061 0.016 0.024 
 740 H H   0.427 0.003 0.000 0.006 0.010 0.196 0.174 0.183 
 741 Q S   0.009 0.004 0.000 0.004 0.005 0.011 0.498 0.469 
 742 P L   0.022 0.065 0.000 0.006 0.010 0.034 0.044 0.819 
 743 E L   0.031 0.136 0.000 0.004 0.016 0.047 0.103 0.663 
 744 A L   0.041 0.174 0.000 0.006 0.010 0.027 0.109 0.632 
 745 I L   0.065 0.258 0.000 0.008 0.013 0.052 0.146 0.458 
 746 E L   0.046 0.224 0.000 0.005 0.008 0.114 0.148 0.455 
 747 E L   0.033 0.186 0.000 0.007 0.013 0.128 0.176 0.457 
 748 F L   0.002 0.007 0.000 0.010 0.010 0.012 0.370 0.588 
 749 P L   0.001 0.001 0.000 0.016 0.016 0.012 0.175 0.780 
 750 V L   0.003 0.004 0.000 0.023 0.037 0.008 0.164 0.761 
 751 P L   0.003 0.027 0.000 0.011 0.008 0.006 0.017 0.927 
 752 A L   0.025 0.172 0.000 0.018 0.013 0.105 0.073 0.593 
 753 L L   0.027 0.167 0.000 0.022 0.014 0.158 0.077 0.535 
 754 H L   0.027 0.143 0.000 0.016 0.015 0.074 0.249 0.478 
 755 H L   0.036 0.092 0.000 0.011 0.007 0.036 0.207 0.610 
 756 P L   0.064 0.128 0.000 0.023 0.010 0.076 0.043 0.655 
 757 V L   0.094 0.153 0.000 0.072 0.051 0.068 0.143 0.419 
 758 F L   0.093 0.134 0.000 0.070 0.055 0.063 0.061 0.523 
 759 Q L   0.050 0.087 0.000 0.016 0.007 0.225 0.067 0.548 
 760 Q L   0.012 0.029 0.000 0.003 0.006 0.254 0.312 0.383 
 761 E S   0.005 0.011 0.000 0.003 0.006 0.060 0.471 0.444 
 762 S L   0.015 0.002 0.000 0.002 0.010 0.013 0.409 0.549 
 763 F H   0.890 0.005 0.000 0.000 0.000 0.061 0.017 0.026 
 764 T H   0.944 0.004 0.000 0.000 0.000 0.037 0.005 0.009 
 765 R H   0.984 0.003 0.000 0.000 0.000 0.005 0.001 0.005 
 766 Q H   0.994 0.001 0.000 0.000 0.000 0.002 0.000 0.003 
 767 V H   0.998 0.000 0.000 0.000 0.000 0.001 0.000 0.000 
 768 L H   0.998 0.000 0.000 0.000 0.000 0.001 0.000 0.000 
 769 W H   0.998 0.000 0.000 0.000 0.000 0.001 0.000 0.001 
 770 K H   0.994 0.001 0.000 0.000 0.000 0.003 0.000 0.001 
 771 L H   0.989 0.004 0.000 0.000 0.000 0.006 0.000 0.001 
 772 L H   0.947 0.013 0.000 0.000 0.000 0.036 0.001 0.001 
 773 K T   0.416 0.013 0.000 0.000 0.000 0.560 0.007 0.004 
 774 V T   0.191 0.012 0.000 0.000 0.000 0.755 0.025 0.016 
 775 V L   0.005 0.001 0.000 0.002 0.008 0.003 0.377 0.603 
 776 K L   0.001 0.001 0.000 0.002 0.007 0.002 0.011 0.976 
 777 F T   0.001 0.005 0.000 0.003 0.003 0.925 0.046 0.015 
 778 G T   0.001 0.004 0.000 0.012 0.001 0.917 0.049 0.016 
 779 E L   0.001 0.003 0.000 0.291 0.016 0.004 0.030 0.655 
 780 V E   0.002 0.000 0.000 0.773 0.056 0.001 0.007 0.162 
 781 I E   0.000 0.000 0.000 0.752 0.020 0.001 0.008 0.219 
 782 S E   0.002 0.000 0.000 0.528 0.031 0.001 0.006 0.433 
 783 Y H   0.959 0.003 0.000 0.006 0.000 0.011 0.002 0.019 
 784 S H   0.990 0.002 0.000 0.000 0.000 0.006 0.001 0.001 
 785 H H   0.992 0.003 0.000 0.000 0.000 0.004 0.000 0.001 
 786 L H   0.998 0.001 0.000 0.000 0.000 0.001 0.000 0.000 
 787 A H   0.995 0.002 0.000 0.000 0.000 0.002 0.000 0.001 
 788 A H   0.991 0.004 0.000 0.000 0.000 0.004 0.000 0.000 
 789 L H   0.973 0.007 0.001 0.001 0.001 0.014 0.000 0.002 
 790 A H   0.553 0.006 0.001 0.000 0.000 0.434 0.004 0.001 
 791 G T   0.023 0.005 0.000 0.000 0.000 0.949 0.014 0.009 
 792 N L   0.000 0.001 0.000 0.001 0.003 0.008 0.386 0.601 
 793 P T   0.024 0.012 0.000 0.000 0.001 0.937 0.023 0.003 
 794 A T   0.035 0.007 0.000 0.000 0.001 0.930 0.015 0.011 
 795 A H   0.842 0.009 0.001 0.001 0.004 0.013 0.027 0.103 
 796 T H   0.976 0.004 0.000 0.000 0.000 0.005 0.003 0.011 
 797 A H   0.992 0.003 0.000 0.000 0.000 0.003 0.000 0.001 
 798 A H   0.997 0.002 0.000 0.000 0.000 0.000 0.000 0.001 
 799 V H   0.996 0.001 0.000 0.000 0.000 0.001 0.000 0.001 
 800 K H   0.995 0.001 0.000 0.000 0.000 0.002 0.000 0.000 
 801 T H   0.992 0.002 0.000 0.000 0.000 0.004 0.000 0.000 
 802 A H   0.984 0.004 0.000 0.000 0.000 0.008 0.001 0.002 
 803 L H   0.935 0.013 0.000 0.001 0.000 0.045 0.003 0.003 
 804 S H   0.591 0.013 0.000 0.000 0.000 0.379 0.010 0.007 
 805 G T   0.282 0.014 0.000 0.000 0.001 0.634 0.042 0.028 
 806 N L   0.003 0.003 0.000 0.003 0.007 0.011 0.370 0.604 
 807 P S   0.002 0.027 0.000 0.003 0.006 0.090 0.503 0.368 
 808 V S   0.003 0.073 0.000 0.012 0.013 0.108 0.625 0.165 
 809 P L   0.004 0.132 0.000 0.030 0.010 0.050 0.188 0.586 
 810 I L   0.014 0.135 0.000 0.181 0.023 0.068 0.152 0.427 
 811 L E   0.014 0.078 0.000 0.324 0.166 0.057 0.084 0.276 
 812 I L   0.002 0.016 0.000 0.251 0.022 0.007 0.335 0.366 
 813 P L   0.002 0.038 0.000 0.198 0.022 0.034 0.100 0.605 
 814 C G   0.009 0.413 0.000 0.256 0.012 0.048 0.128 0.134 
 815 H G   0.010 0.452 0.000 0.390 0.007 0.046 0.044 0.051 
 816 R E   0.008 0.417 0.000 0.449 0.010 0.019 0.020 0.076 
 817 V E   0.008 0.114 0.000 0.524 0.030 0.020 0.075 0.229 
 818 V E   0.006 0.020 0.000 0.495 0.091 0.025 0.087 0.276 
 819 Q L   0.001 0.005 0.000 0.105 0.007 0.022 0.122 0.738 
 820 G S   0.003 0.014 0.000 0.021 0.009 0.190 0.383 0.379 
 821 D L   0.001 0.015 0.000 0.012 0.010 0.224 0.241 0.498 
 822 L L   0.001 0.013 0.000 0.027 0.020 0.030 0.360 0.549 
 823 D L   0.001 0.008 0.000 0.049 0.044 0.009 0.109 0.780 
 824 V L   0.003 0.013 0.000 0.045 0.063 0.042 0.125 0.710 
 825 G L   0.004 0.025 0.000 0.018 0.017 0.156 0.279 0.502 
 826 G L   0.012 0.065 0.000 0.014 0.016 0.157 0.308 0.429 
 827 Y L   0.090 0.167 0.000 0.021 0.025 0.144 0.164 0.389 
 828 E L   0.156 0.201 0.000 0.015 0.013 0.270 0.070 0.275 
 829 G T   0.237 0.175 0.000 0.011 0.013 0.256 0.058 0.250 
 830 G H   0.606 0.050 0.001 0.007 0.024 0.051 0.052 0.209 
 831 L H   0.969 0.005 0.000 0.001 0.000 0.010 0.004 0.010 
 832 A H   0.982 0.002 0.000 0.000 0.000 0.007 0.001 0.007 
 833 V H   0.990 0.002 0.000 0.000 0.000 0.004 0.001 0.003 
 834 K H   0.993 0.001 0.000 0.000 0.000 0.003 0.000 0.002 
 835 E H   0.991 0.002 0.000 0.000 0.000 0.004 0.000 0.002 
 836 W H   0.990 0.002 0.000 0.000 0.000 0.005 0.000 0.003 
 837 L H   0.990 0.002 0.000 0.000 0.000 0.005 0.000 0.002 
 838 L H   0.982 0.003 0.000 0.001 0.000 0.011 0.001 0.002 
 839 A H   0.942 0.006 0.000 0.001 0.000 0.043 0.005 0.004 
 840 H H   0.750 0.011 0.000 0.002 0.001 0.183 0.015 0.038 
 841 E T   0.330 0.014 0.000 0.001 0.001 0.559 0.021 0.074 
 842 G T   0.021 0.010 0.000 0.001 0.001 0.763 0.021 0.183 
 843 H L   0.010 0.013 0.000 0.008 0.006 0.027 0.052 0.883 
 844 R L   0.017 0.018 0.000 0.022 0.024 0.026 0.030 0.863 
 845 L L   0.006 0.021 0.000 0.010 0.009 0.093 0.049 0.812 
 846 G L   0.003 0.032 0.000 0.003 0.004 0.094 0.082 0.782 
 847 K L   0.003 0.034 0.000 0.002 0.003 0.030 0.110 0.818 
 848 P L   0.005 0.039 0.000 0.003 0.003 0.063 0.052 0.835 
 849 G L   0.003 0.024 0.000 0.004 0.004 0.055 0.050 0.861 
 850 L L   0.001 0.007 0.000 0.005 0.007 0.014 0.001 0.965 
 851 G L   0.000 0.000 0.000 0.000 0.000 0.000 0.000 0.999 
