#DeepConCNF_SS8: eight-class secondary structure prediction results 
#probabilities are in the order of H G I E B T S L(loops), the 8 secondary structure types used in DSSP 
   1 M L   0.000 0.000 0.000 0.000 0.000 0.000 0.000 0.999 
   2 A L   0.001 0.002 0.000 0.002 0.003 0.003 0.000 0.989 
   3 E L   0.002 0.009 0.000 0.004 0.003 0.014 0.013 0.954 
   4 I L   0.005 0.023 0.000 0.003 0.003 0.044 0.035 0.888 
   5 G L   0.002 0.016 0.000 0.001 0.001 0.051 0.034 0.894 
   6 T L   0.001 0.009 0.000 0.002 0.003 0.047 0.088 0.850 
   7 G L   0.001 0.003 0.000 0.006 0.013 0.027 0.192 0.758 
   8 F L   0.000 0.003 0.000 0.007 0.018 0.011 0.216 0.744 
   9 P L   0.000 0.003 0.000 0.008 0.011 0.021 0.295 0.661 
  10 F L   0.001 0.003 0.000 0.024 0.035 0.029 0.225 0.684 
  11 D L   0.000 0.002 0.000 0.039 0.007 0.009 0.169 0.774 
  12 P L   0.000 0.001 0.000 0.160 0.002 0.005 0.086 0.745 
  13 H E   0.000 0.001 0.000 0.946 0.005 0.001 0.012 0.036 
  14 Y E   0.000 0.000 0.000 0.981 0.000 0.000 0.001 0.018 
  15 V E   0.000 0.000 0.000 0.996 0.000 0.000 0.000 0.004 
  16 E E   0.000 0.000 0.000 0.997 0.000 0.000 0.000 0.003 
  17 V E   0.000 0.000 0.000 0.976 0.002 0.002 0.004 0.016 
  18 L T   0.001 0.003 0.000 0.008 0.000 0.954 0.024 0.010 
  19 G T   0.000 0.002 0.000 0.003 0.000 0.956 0.027 0.011 
  20 E E   0.001 0.001 0.000 0.937 0.008 0.009 0.018 0.027 
  21 R E   0.000 0.000 0.000 0.989 0.000 0.000 0.001 0.009 
  22 M E   0.000 0.000 0.000 0.996 0.000 0.000 0.000 0.003 
  23 H E   0.000 0.000 0.000 0.998 0.000 0.000 0.000 0.001 
  24 Y E   0.000 0.000 0.000 0.997 0.000 0.000 0.001 0.002 
  25 V E   0.000 0.000 0.000 0.994 0.000 0.000 0.001 0.004 
  26 D E   0.000 0.000 0.000 0.994 0.001 0.001 0.002 0.002 
  27 V E   0.000 0.001 0.000 0.811 0.007 0.007 0.020 0.154 
  28 G S   0.000 0.002 0.000 0.044 0.001 0.006 0.636 0.312 
  29 P L   0.000 0.004 0.000 0.010 0.015 0.028 0.206 0.735 
  30 R T   0.002 0.013 0.000 0.001 0.004 0.773 0.168 0.039 
  31 D T   0.001 0.007 0.000 0.002 0.001 0.797 0.165 0.027 
  32 G S   0.000 0.005 0.000 0.037 0.006 0.010 0.812 0.129 
  33 T L   0.000 0.001 0.000 0.181 0.021 0.003 0.054 0.740 
  34 P E   0.000 0.000 0.000 0.660 0.005 0.001 0.008 0.325 
  35 V E   0.000 0.000 0.000 0.987 0.001 0.000 0.001 0.010 
  36 L E   0.000 0.000 0.000 0.996 0.000 0.000 0.000 0.004 
  37 F E   0.000 0.000 0.000 0.997 0.000 0.000 0.001 0.002 
  38 L E   0.000 0.000 0.000 0.955 0.002 0.001 0.003 0.038 
  39 H L   0.000 0.000 0.000 0.072 0.001 0.000 0.005 0.921 
  40 G L   0.001 0.001 0.000 0.014 0.012 0.004 0.055 0.913 
  41 N T   0.004 0.008 0.000 0.002 0.004 0.795 0.146 0.041 
  42 P T   0.002 0.004 0.000 0.007 0.008 0.848 0.075 0.056 
  43 T L   0.003 0.005 0.000 0.017 0.058 0.017 0.040 0.859 
  44 S L   0.002 0.006 0.000 0.004 0.013 0.003 0.098 0.876 
  45 S G   0.094 0.758 0.001 0.000 0.001 0.085 0.042 0.019 
  46 Y G   0.089 0.824 0.000 0.000 0.001 0.067 0.008 0.011 
  47 V G   0.084 0.868 0.000 0.000 0.000 0.037 0.004 0.008 
  48 W G   0.090 0.830 0.000 0.000 0.000 0.068 0.005 0.005 
  49 R G   0.084 0.768 0.001 0.000 0.002 0.129 0.006 0.009 
  50 N G   0.064 0.606 0.001 0.000 0.000 0.316 0.009 0.004 
  51 I G   0.092 0.506 0.001 0.000 0.001 0.366 0.011 0.023 
  52 I G   0.431 0.520 0.001 0.000 0.000 0.023 0.015 0.010 
  53 P G   0.445 0.515 0.000 0.000 0.000 0.030 0.003 0.007 
  54 H H   0.479 0.455 0.001 0.000 0.000 0.056 0.002 0.007 
  55 V H   0.529 0.209 0.002 0.005 0.019 0.132 0.060 0.045 
  56 A T   0.148 0.124 0.001 0.004 0.012 0.333 0.059 0.319 
  57 P T   0.032 0.103 0.000 0.001 0.003 0.818 0.034 0.009 
  58 T T   0.018 0.085 0.000 0.003 0.001 0.815 0.074 0.004 
  59 H S   0.000 0.003 0.000 0.101 0.002 0.003 0.811 0.080 
  60 R E   0.000 0.000 0.000 0.881 0.028 0.001 0.005 0.085 
  61 C E   0.000 0.000 0.000 0.992 0.001 0.000 0.000 0.006 
  62 I E   0.000 0.000 0.000 0.993 0.000 0.000 0.000 0.007 
  63 A E   0.000 0.000 0.000 0.980 0.003 0.000 0.002 0.015 
  64 P E   0.000 0.000 0.000 0.806 0.017 0.002 0.009 0.166 
  65 D L   0.000 0.000 0.000 0.048 0.004 0.001 0.009 0.938 
  66 L L   0.001 0.001 0.000 0.011 0.043 0.005 0.033 0.907 
  67 I T   0.002 0.008 0.000 0.001 0.004 0.958 0.020 0.006 
  68 G T   0.001 0.010 0.000 0.002 0.004 0.950 0.025 0.008 
  69 M S   0.003 0.029 0.000 0.010 0.048 0.104 0.679 0.127 
  70 G T   0.006 0.018 0.000 0.010 0.031 0.697 0.164 0.075 
  71 K T   0.004 0.020 0.000 0.011 0.021 0.708 0.104 0.131 
  72 S L   0.003 0.009 0.000 0.008 0.034 0.047 0.388 0.512 
  73 D S   0.002 0.006 0.000 0.002 0.006 0.023 0.517 0.444 
  74 K S   0.001 0.015 0.000 0.002 0.010 0.035 0.476 0.461 
  75 P L   0.006 0.125 0.000 0.002 0.008 0.159 0.062 0.638 
  76 D L   0.007 0.163 0.000 0.002 0.008 0.212 0.132 0.475 
  77 L L   0.009 0.151 0.000 0.008 0.017 0.237 0.165 0.413 
  78 G L   0.005 0.054 0.000 0.016 0.033 0.244 0.135 0.513 
  79 Y L   0.005 0.005 0.000 0.035 0.066 0.026 0.166 0.696 
  80 F L   0.025 0.001 0.000 0.038 0.147 0.008 0.235 0.546 
  81 F H   0.969 0.003 0.000 0.001 0.000 0.014 0.005 0.007 
  82 D H   0.990 0.002 0.000 0.000 0.000 0.005 0.001 0.001 
  83 D H   0.994 0.002 0.000 0.000 0.000 0.003 0.001 0.001 
  84 H H   0.998 0.000 0.000 0.000 0.000 0.001 0.000 0.001 
  85 V H   0.998 0.000 0.000 0.000 0.000 0.001 0.000 0.000 
  86 R H   0.998 0.000 0.000 0.000 0.000 0.002 0.000 0.000 
  87 F H   0.998 0.000 0.000 0.000 0.000 0.002 0.000 0.000 
  88 M H   0.998 0.000 0.000 0.000 0.000 0.001 0.000 0.001 
  89 D H   0.998 0.000 0.000 0.000 0.000 0.001 0.000 0.000 
  90 A H   0.998 0.000 0.000 0.000 0.000 0.001 0.000 0.000 
  91 F H   0.998 0.000 0.000 0.000 0.000 0.001 0.000 0.000 
  92 I H   0.998 0.001 0.000 0.000 0.000 0.001 0.000 0.000 
  93 E H   0.994 0.002 0.000 0.000 0.000 0.003 0.000 0.000 
  94 A H   0.978 0.004 0.000 0.000 0.000 0.014 0.001 0.002 
  95 L H   0.564 0.006 0.000 0.000 0.000 0.405 0.018 0.006 
  96 G T   0.007 0.001 0.000 0.000 0.000 0.900 0.018 0.074 
  97 L L   0.000 0.001 0.000 0.010 0.007 0.006 0.010 0.966 
  98 E S   0.001 0.002 0.000 0.009 0.002 0.008 0.587 0.392 
  99 E L   0.000 0.002 0.000 0.102 0.002 0.013 0.238 0.642 
 100 V E   0.000 0.000 0.000 0.939 0.004 0.001 0.006 0.049 
 101 V E   0.000 0.000 0.000 0.996 0.000 0.000 0.000 0.004 
 102 L E   0.000 0.000 0.000 0.996 0.000 0.000 0.000 0.004 
 103 V E   0.000 0.000 0.000 0.997 0.000 0.000 0.000 0.002 
 104 I E   0.000 0.000 0.000 0.994 0.000 0.000 0.000 0.006 
 105 H E   0.001 0.001 0.000 0.963 0.005 0.005 0.006 0.020 
 106 D T   0.026 0.003 0.001 0.005 0.000 0.829 0.112 0.024 
 107 W H   0.906 0.004 0.000 0.000 0.000 0.085 0.003 0.002 
 108 G H   0.992 0.001 0.000 0.000 0.000 0.003 0.002 0.002 
 109 S H   0.996 0.001 0.000 0.000 0.000 0.002 0.000 0.000 
 110 A H   0.999 0.000 0.000 0.000 0.000 0.000 0.000 0.000 
 111 L H   0.998 0.000 0.000 0.000 0.000 0.001 0.000 0.001 
 112 G H   0.997 0.000 0.000 0.000 0.000 0.002 0.000 0.000 
 113 F H   0.994 0.001 0.000 0.000 0.000 0.005 0.000 0.000 
 114 H H   0.993 0.002 0.000 0.000 0.000 0.004 0.000 0.001 
 115 W H   0.991 0.004 0.000 0.000 0.000 0.003 0.001 0.001 
 116 A H   0.983 0.006 0.000 0.000 0.000 0.010 0.000 0.000 
 117 K H   0.951 0.004 0.000 0.000 0.000 0.042 0.002 0.001 
 118 R H   0.908 0.002 0.000 0.001 0.001 0.069 0.014 0.006 
 119 N L   0.014 0.003 0.000 0.001 0.002 0.031 0.103 0.848 
 120 P T   0.016 0.300 0.000 0.000 0.001 0.647 0.021 0.015 
 121 E T   0.007 0.274 0.000 0.000 0.000 0.707 0.011 0.001 
 122 R T   0.005 0.277 0.000 0.006 0.000 0.653 0.052 0.006 
 123 V E   0.002 0.004 0.000 0.758 0.048 0.006 0.012 0.170 
 124 K E   0.000 0.000 0.000 0.769 0.001 0.000 0.105 0.125 
 125 G E   0.000 0.000 0.000 0.975 0.001 0.003 0.003 0.018 
 126 I E   0.000 0.000 0.000 0.998 0.000 0.000 0.000 0.001 
 127 A E   0.000 0.000 0.000 0.995 0.000 0.000 0.000 0.005 
 128 F E   0.000 0.000 0.000 0.990 0.002 0.000 0.001 0.007 
 129 M E   0.000 0.000 0.000 0.819 0.012 0.003 0.020 0.146 
 130 E S   0.000 0.001 0.000 0.047 0.001 0.005 0.891 0.055 
 131 F L   0.000 0.001 0.000 0.024 0.017 0.006 0.232 0.720 
 132 I L   0.000 0.001 0.000 0.021 0.040 0.002 0.091 0.845 
 133 R L   0.000 0.001 0.000 0.011 0.028 0.010 0.166 0.783 
 134 P L   0.001 0.002 0.000 0.009 0.029 0.018 0.132 0.808 
 135 I L   0.002 0.002 0.000 0.006 0.016 0.016 0.053 0.905 
 136 P L   0.009 0.042 0.000 0.001 0.004 0.223 0.108 0.613 
 137 T L   0.016 0.109 0.000 0.001 0.002 0.289 0.088 0.495 
 138 W G   0.058 0.364 0.000 0.001 0.005 0.138 0.087 0.348 
 139 D G   0.082 0.371 0.000 0.001 0.002 0.203 0.082 0.260 
 140 E G   0.128 0.339 0.000 0.002 0.004 0.216 0.108 0.203 
 141 W L   0.189 0.020 0.000 0.004 0.011 0.023 0.338 0.414 
 142 P H   0.474 0.003 0.000 0.002 0.006 0.031 0.016 0.468 
 143 E H   0.941 0.004 0.000 0.000 0.000 0.026 0.006 0.023 
 144 F H   0.975 0.005 0.000 0.000 0.000 0.012 0.002 0.006 
 145 A H   0.983 0.004 0.000 0.000 0.000 0.004 0.002 0.006 
 146 R H   0.993 0.002 0.000 0.000 0.000 0.002 0.001 0.002 
 147 E H   0.993 0.002 0.000 0.000 0.000 0.002 0.001 0.002 
 148 T H   0.990 0.003 0.000 0.000 0.000 0.004 0.000 0.002 
 149 F H   0.983 0.005 0.000 0.000 0.000 0.007 0.001 0.003 
 150 Q H   0.947 0.015 0.000 0.000 0.000 0.033 0.002 0.002 
 151 A H   0.867 0.025 0.000 0.001 0.000 0.092 0.008 0.007 
 152 F H   0.716 0.027 0.000 0.002 0.003 0.132 0.034 0.086 
 153 R H   0.466 0.017 0.001 0.005 0.012 0.198 0.057 0.244 
 154 T S   0.195 0.008 0.000 0.004 0.007 0.084 0.436 0.266 
 155 T S   0.196 0.008 0.000 0.003 0.007 0.041 0.595 0.149 
 156 D H   0.573 0.021 0.001 0.005 0.011 0.093 0.063 0.232 
 157 V H   0.791 0.027 0.000 0.004 0.002 0.124 0.028 0.024 
 158 G H   0.820 0.027 0.001 0.006 0.002 0.081 0.026 0.039 
 159 R H   0.869 0.022 0.001 0.008 0.004 0.039 0.029 0.030 
 160 K H   0.872 0.017 0.001 0.009 0.002 0.039 0.013 0.046 
 161 L H   0.866 0.019 0.001 0.015 0.004 0.052 0.017 0.027 
 162 I H   0.861 0.017 0.001 0.018 0.004 0.046 0.011 0.042 
 163 I H   0.842 0.018 0.001 0.012 0.007 0.034 0.019 0.067 
 164 D H   0.781 0.022 0.001 0.001 0.001 0.064 0.016 0.114 
 165 Q H   0.901 0.025 0.001 0.001 0.001 0.058 0.006 0.008 
 166 N H   0.920 0.022 0.000 0.001 0.000 0.042 0.005 0.010 
 167 V H   0.938 0.020 0.001 0.002 0.001 0.021 0.004 0.014 
 168 F H   0.938 0.020 0.001 0.004 0.001 0.025 0.003 0.009 
 169 I H   0.932 0.022 0.000 0.005 0.001 0.024 0.005 0.010 
 170 E H   0.851 0.036 0.001 0.004 0.001 0.096 0.005 0.006 
 171 G T   0.453 0.031 0.000 0.002 0.001 0.479 0.018 0.015 
 172 T T   0.384 0.034 0.001 0.005 0.009 0.466 0.067 0.034 
 173 L S   0.050 0.020 0.000 0.008 0.016 0.070 0.595 0.241 
 174 P L   0.016 0.035 0.000 0.014 0.025 0.065 0.055 0.791 
 175 M T   0.021 0.061 0.000 0.011 0.022 0.470 0.267 0.148 
 176 G T   0.004 0.042 0.000 0.021 0.007 0.507 0.161 0.257 
 177 V L   0.003 0.028 0.000 0.086 0.033 0.077 0.244 0.529 
 178 V S   0.006 0.007 0.000 0.167 0.126 0.046 0.375 0.272 
 179 R L   0.000 0.002 0.000 0.122 0.030 0.007 0.246 0.593 
 180 P L   0.001 0.002 0.000 0.063 0.031 0.005 0.044 0.853 
 181 L L   0.006 0.002 0.000 0.032 0.054 0.005 0.056 0.846 
 182 T L   0.021 0.001 0.000 0.011 0.017 0.004 0.033 0.913 
 183 E H   0.963 0.011 0.000 0.000 0.000 0.014 0.004 0.007 
 184 V H   0.969 0.014 0.000 0.000 0.000 0.011 0.002 0.003 
 185 E H   0.968 0.024 0.000 0.000 0.000 0.005 0.001 0.002 
 186 M H   0.964 0.024 0.000 0.000 0.000 0.008 0.001 0.002 
 187 D H   0.892 0.029 0.001 0.000 0.000 0.072 0.003 0.002 
 188 H H   0.685 0.025 0.001 0.001 0.001 0.270 0.010 0.006 
 189 Y T   0.435 0.027 0.002 0.003 0.005 0.464 0.041 0.023 
 190 R T   0.273 0.117 0.004 0.014 0.058 0.364 0.077 0.092 
 191 E G   0.072 0.693 0.001 0.002 0.004 0.102 0.063 0.064 
 192 P G   0.041 0.773 0.000 0.001 0.001 0.146 0.022 0.015 
 193 F G   0.040 0.726 0.001 0.003 0.004 0.159 0.038 0.031 
 194 L S   0.018 0.141 0.001 0.007 0.037 0.092 0.430 0.273 
 195 N S   0.002 0.005 0.000 0.005 0.012 0.022 0.519 0.435 
 196 P T   0.027 0.075 0.000 0.004 0.012 0.611 0.105 0.166 
 197 V T   0.017 0.098 0.000 0.002 0.006 0.684 0.075 0.119 
 198 D T   0.015 0.111 0.000 0.001 0.003 0.401 0.102 0.367 
 199 R L   0.034 0.074 0.000 0.002 0.008 0.185 0.173 0.524 
 200 E L   0.082 0.147 0.000 0.008 0.027 0.157 0.125 0.452 
 201 P G   0.141 0.344 0.000 0.010 0.009 0.156 0.046 0.294 
 202 L G   0.159 0.391 0.000 0.016 0.008 0.184 0.091 0.150 
 203 W G   0.135 0.308 0.000 0.029 0.021 0.201 0.124 0.182 
 204 R L   0.090 0.143 0.000 0.032 0.046 0.188 0.190 0.310 
 205 F L   0.044 0.054 0.000 0.013 0.010 0.063 0.286 0.531 
 206 P L   0.075 0.195 0.000 0.006 0.010 0.220 0.064 0.430 
 207 N T   0.092 0.196 0.000 0.004 0.005 0.549 0.070 0.083 
 208 E T   0.079 0.184 0.000 0.004 0.005 0.516 0.094 0.118 
 209 L S   0.023 0.040 0.000 0.003 0.006 0.018 0.553 0.356 
 210 P L   0.024 0.042 0.000 0.006 0.015 0.020 0.040 0.855 
 211 I L   0.040 0.103 0.000 0.029 0.091 0.102 0.102 0.532 
 212 A T   0.012 0.048 0.000 0.008 0.006 0.780 0.054 0.091 
 213 G T   0.003 0.028 0.000 0.002 0.002 0.778 0.083 0.104 
 214 E L   0.005 0.010 0.000 0.008 0.016 0.027 0.288 0.647 
 215 P L   0.024 0.047 0.000 0.017 0.044 0.049 0.053 0.767 
 216 A L   0.076 0.248 0.000 0.011 0.026 0.108 0.243 0.287 
 217 N L   0.102 0.250 0.001 0.011 0.024 0.098 0.145 0.371 
 218 I H   0.546 0.256 0.001 0.002 0.004 0.042 0.073 0.076 
 219 V H   0.712 0.218 0.001 0.002 0.002 0.034 0.021 0.009 
 220 A H   0.733 0.208 0.001 0.002 0.001 0.032 0.013 0.012 
 221 L H   0.771 0.130 0.002 0.001 0.002 0.043 0.012 0.039 
 222 V H   0.830 0.090 0.002 0.003 0.004 0.034 0.007 0.030 
 223 E H   0.841 0.082 0.001 0.002 0.002 0.050 0.007 0.014 
 224 E H   0.797 0.083 0.001 0.001 0.001 0.095 0.006 0.015 
 225 Y H   0.712 0.124 0.001 0.001 0.001 0.121 0.012 0.028 
 226 M G   0.400 0.426 0.002 0.000 0.002 0.089 0.031 0.048 
 227 D G   0.221 0.583 0.000 0.000 0.000 0.181 0.008 0.007 
 228 W G   0.200 0.594 0.000 0.000 0.001 0.170 0.014 0.020 
 229 L G   0.165 0.545 0.000 0.001 0.005 0.032 0.037 0.214 
 230 H G   0.100 0.360 0.000 0.001 0.004 0.195 0.063 0.277 
 231 Q T   0.047 0.262 0.000 0.002 0.009 0.333 0.197 0.150 
 232 S S   0.001 0.006 0.000 0.002 0.006 0.018 0.554 0.412 
 233 P L   0.000 0.001 0.000 0.004 0.018 0.015 0.449 0.512 
 234 V S   0.000 0.000 0.000 0.008 0.004 0.002 0.883 0.103 
 235 P L   0.000 0.000 0.000 0.047 0.001 0.001 0.013 0.937 
 236 K E   0.000 0.000 0.000 0.981 0.004 0.000 0.002 0.013 
 237 L E   0.000 0.000 0.000 0.999 0.000 0.000 0.000 0.001 
 238 L E   0.000 0.000 0.000 0.999 0.000 0.000 0.000 0.001 
 239 F E   0.000 0.000 0.000 0.997 0.000 0.000 0.000 0.002 
 240 W E   0.000 0.000 0.000 0.972 0.002 0.000 0.003 0.022 
 241 G E   0.001 0.000 0.000 0.700 0.016 0.003 0.035 0.245 
 242 T T   0.002 0.006 0.000 0.037 0.006 0.625 0.266 0.056 
 243 P T   0.001 0.008 0.000 0.008 0.006 0.746 0.198 0.033 
 244 G L   0.002 0.011 0.000 0.005 0.021 0.053 0.133 0.775 
 245 V S   0.001 0.002 0.000 0.002 0.005 0.022 0.909 0.059 
 246 L S   0.000 0.001 0.000 0.002 0.002 0.017 0.902 0.075 
 247 I S   0.001 0.001 0.000 0.003 0.010 0.002 0.853 0.131 
 248 P L   0.007 0.000 0.000 0.001 0.003 0.001 0.006 0.982 
 249 P H   0.965 0.003 0.000 0.000 0.000 0.018 0.007 0.006 
 250 A H   0.986 0.002 0.000 0.000 0.000 0.010 0.001 0.001 
 251 E H   0.994 0.002 0.000 0.000 0.000 0.002 0.000 0.001 
 252 A H   0.996 0.001 0.000 0.000 0.000 0.002 0.000 0.001 
 253 A H   0.997 0.001 0.000 0.000 0.000 0.002 0.000 0.000 
 254 R H   0.996 0.001 0.000 0.000 0.000 0.003 0.000 0.000 
 255 L H   0.997 0.001 0.000 0.000 0.000 0.001 0.000 0.000 
 256 A H   0.985 0.004 0.000 0.000 0.000 0.010 0.000 0.001 
 257 K H   0.890 0.004 0.000 0.000 0.000 0.104 0.001 0.001 
 258 S H   0.822 0.004 0.000 0.000 0.000 0.164 0.006 0.003 
 259 L L   0.003 0.001 0.000 0.001 0.001 0.012 0.302 0.681 
 260 P T   0.001 0.005 0.000 0.001 0.001 0.939 0.041 0.012 
 261 N T   0.001 0.003 0.000 0.003 0.000 0.932 0.049 0.012 
 262 C L   0.000 0.002 0.000 0.321 0.004 0.005 0.133 0.535 
 263 K E   0.000 0.000 0.000 0.922 0.008 0.000 0.007 0.062 
 264 A E   0.000 0.000 0.000 0.994 0.001 0.000 0.000 0.004 
 265 V E   0.000 0.000 0.000 0.991 0.000 0.000 0.000 0.008 
 266 D E   0.000 0.000 0.000 0.984 0.002 0.000 0.001 0.012 
 267 I E   0.001 0.002 0.000 0.809 0.006 0.003 0.011 0.169 
 268 G L   0.002 0.016 0.000 0.108 0.002 0.076 0.179 0.616 
 269 P L   0.006 0.024 0.000 0.040 0.012 0.098 0.304 0.516 
 270 G L   0.018 0.029 0.000 0.069 0.101 0.040 0.144 0.599 
 271 L L   0.051 0.039 0.000 0.049 0.050 0.145 0.182 0.485 
 272 N T   0.090 0.033 0.000 0.013 0.010 0.418 0.274 0.162 
 273 L T   0.177 0.026 0.000 0.007 0.010 0.371 0.100 0.309 
 274 L H   0.654 0.023 0.000 0.009 0.016 0.047 0.026 0.226 
 275 Q H   0.713 0.034 0.000 0.012 0.011 0.042 0.018 0.169 
 276 E H   0.755 0.042 0.000 0.010 0.003 0.127 0.019 0.043 
 277 D H   0.707 0.032 0.000 0.006 0.006 0.159 0.046 0.042 
 278 N L   0.047 0.001 0.000 0.001 0.002 0.005 0.096 0.848 
 279 P H   0.858 0.016 0.000 0.001 0.001 0.076 0.016 0.033 
 280 D H   0.916 0.013 0.000 0.002 0.001 0.045 0.011 0.011 
 281 L H   0.949 0.015 0.000 0.001 0.000 0.015 0.005 0.015 
 282 I H   0.985 0.002 0.000 0.000 0.000 0.005 0.001 0.006 
 283 G H   0.994 0.001 0.000 0.000 0.000 0.002 0.000 0.002 
 284 S H   0.996 0.000 0.000 0.000 0.000 0.001 0.000 0.002 
 285 E H   0.997 0.000 0.000 0.000 0.000 0.001 0.000 0.001 
 286 I H   0.997 0.000 0.000 0.000 0.000 0.002 0.000 0.001 
 287 A H   0.996 0.000 0.000 0.000 0.000 0.002 0.000 0.001 
 288 R H   0.996 0.001 0.000 0.000 0.000 0.003 0.000 0.001 
 289 W H   0.995 0.001 0.000 0.000 0.000 0.002 0.000 0.001 
 290 L H   0.983 0.003 0.000 0.000 0.000 0.007 0.001 0.004 
 291 S H   0.788 0.006 0.000 0.000 0.000 0.192 0.007 0.005 
 292 T H   0.574 0.009 0.000 0.002 0.001 0.360 0.025 0.029 
 293 L H   0.356 0.007 0.000 0.007 0.005 0.111 0.164 0.349 
 294 E L   0.306 0.014 0.000 0.015 0.007 0.042 0.032 0.585 
 295 I L   0.304 0.021 0.000 0.022 0.019 0.040 0.042 0.551 
 296 S L   0.234 0.020 0.000 0.012 0.007 0.142 0.151 0.434 
 297 G S   0.012 0.006 0.000 0.005 0.001 0.160 0.486 0.329 
 298 L L   0.002 0.003 0.000 0.057 0.003 0.014 0.300 0.621 
 299 I L   0.001 0.001 0.000 0.389 0.003 0.002 0.041 0.563 
 300 E E   0.001 0.002 0.000 0.942 0.003 0.001 0.003 0.049 
 301 V E   0.000 0.001 0.000 0.969 0.001 0.000 0.002 0.026 
 302 E E   0.000 0.001 0.000 0.933 0.003 0.002 0.006 0.055 
 303 K E   0.000 0.001 0.000 0.692 0.005 0.004 0.053 0.245 
 304 P L   0.000 0.001 0.000 0.388 0.006 0.003 0.034 0.568 
 305 L L   0.000 0.002 0.000 0.328 0.010 0.011 0.095 0.553 
 306 Y E   0.001 0.006 0.000 0.415 0.017 0.036 0.187 0.338 
 307 G E   0.001 0.005 0.000 0.531 0.005 0.025 0.057 0.376 
 308 V E   0.001 0.003 0.000 0.750 0.013 0.005 0.025 0.202 
 309 E E   0.001 0.001 0.000 0.793 0.007 0.001 0.006 0.190 
 310 V E   0.000 0.001 0.000 0.740 0.019 0.001 0.006 0.232 
 311 F E   0.000 0.002 0.000 0.516 0.019 0.004 0.016 0.443 
 312 V T   0.001 0.005 0.000 0.024 0.001 0.932 0.023 0.014 
 313 G T   0.000 0.003 0.000 0.003 0.000 0.958 0.020 0.015 
 314 E L   0.000 0.002 0.000 0.047 0.001 0.011 0.205 0.732 
 315 T E   0.000 0.000 0.000 0.608 0.017 0.007 0.013 0.355 
 316 A E   0.000 0.000 0.000 0.985 0.001 0.000 0.002 0.012 
 317 H E   0.000 0.000 0.000 0.995 0.000 0.000 0.000 0.005 
 318 F E   0.000 0.000 0.000 0.994 0.000 0.000 0.001 0.004 
 319 E E   0.000 0.000 0.000 0.988 0.000 0.000 0.001 0.010 
 320 I E   0.000 0.000 0.000 0.986 0.000 0.000 0.001 0.013 
 321 E E   0.000 0.000 0.000 0.968 0.001 0.000 0.001 0.030 
 322 L E   0.000 0.000 0.000 0.717 0.004 0.001 0.005 0.273 
 323 S L   0.000 0.002 0.000 0.321 0.015 0.013 0.252 0.397 
 324 E S   0.000 0.006 0.000 0.058 0.004 0.042 0.678 0.211 
 325 P L   0.001 0.012 0.000 0.043 0.006 0.124 0.358 0.456 
 326 D L   0.001 0.009 0.000 0.154 0.007 0.116 0.110 0.603 
 327 V E   0.001 0.002 0.000 0.514 0.006 0.033 0.041 0.402 
 328 H E   0.000 0.001 0.000 0.906 0.003 0.003 0.010 0.079 
 329 G E   0.000 0.000 0.000 0.961 0.000 0.000 0.001 0.036 
 330 Q E   0.000 0.000 0.000 0.981 0.000 0.000 0.000 0.019 
 331 W E   0.000 0.000 0.000 0.993 0.000 0.000 0.001 0.005 
 332 K E   0.000 0.000 0.000 0.991 0.000 0.000 0.000 0.009 
 333 L E   0.000 0.000 0.000 0.971 0.004 0.002 0.008 0.014 
 334 K T   0.001 0.001 0.000 0.008 0.000 0.964 0.020 0.006 
 335 G T   0.000 0.001 0.000 0.006 0.000 0.961 0.019 0.012 
 336 Q E   0.000 0.000 0.000 0.968 0.011 0.004 0.007 0.010 
 337 P E   0.000 0.000 0.000 0.961 0.011 0.000 0.002 0.026 
 338 L L   0.000 0.001 0.000 0.028 0.001 0.002 0.018 0.951 
 339 A L   0.003 0.011 0.000 0.011 0.012 0.017 0.106 0.840 
 340 A L   0.003 0.009 0.000 0.023 0.061 0.021 0.269 0.613 
 341 S L   0.001 0.003 0.000 0.022 0.023 0.006 0.133 0.811 
 342 P T   0.002 0.006 0.000 0.006 0.009 0.560 0.257 0.161 
 343 D T   0.000 0.004 0.000 0.030 0.001 0.593 0.255 0.116 
 344 C E   0.000 0.001 0.000 0.811 0.010 0.003 0.061 0.115 
 345 E E   0.000 0.000 0.000 0.978 0.001 0.000 0.007 0.013 
 346 I E   0.000 0.000 0.000 0.987 0.000 0.000 0.001 0.012 
 347 I E   0.000 0.000 0.000 0.995 0.000 0.000 0.000 0.005 
 348 E E   0.000 0.000 0.000 0.987 0.001 0.001 0.001 0.010 
 349 D E   0.000 0.003 0.000 0.804 0.005 0.020 0.025 0.143 
 350 G T   0.001 0.006 0.000 0.007 0.001 0.732 0.230 0.023 
 351 K T   0.001 0.005 0.000 0.007 0.000 0.719 0.248 0.020 
 352 K E   0.001 0.001 0.000 0.883 0.008 0.008 0.031 0.069 
 353 H E   0.000 0.000 0.000 0.983 0.001 0.000 0.003 0.013 
 354 I E   0.000 0.000 0.000 0.995 0.000 0.000 0.001 0.004 
 355 L E   0.000 0.000 0.000 0.996 0.000 0.000 0.001 0.003 
 356 I E   0.000 0.000 0.000 0.995 0.000 0.001 0.001 0.002 
 357 L E   0.000 0.000 0.000 0.970 0.003 0.003 0.004 0.020 
 358 H E   0.000 0.001 0.000 0.447 0.003 0.005 0.115 0.429 
 359 N S   0.000 0.001 0.000 0.170 0.011 0.014 0.408 0.396 
 360 C L   0.000 0.001 0.000 0.035 0.012 0.003 0.024 0.924 
 361 Q L   0.001 0.015 0.000 0.016 0.024 0.007 0.050 0.887 
 362 L T   0.020 0.321 0.000 0.005 0.002 0.471 0.086 0.094 
 363 G T   0.017 0.342 0.000 0.005 0.002 0.476 0.075 0.084 
 364 M L   0.015 0.323 0.000 0.020 0.006 0.083 0.185 0.368 
 365 T L   0.004 0.015 0.000 0.127 0.005 0.022 0.065 0.761 
 366 G E   0.001 0.003 0.000 0.811 0.006 0.007 0.067 0.105 
 367 E E   0.000 0.000 0.000 0.947 0.001 0.001 0.010 0.041 
 368 V E   0.000 0.000 0.000 0.979 0.000 0.000 0.004 0.017 
 369 S E   0.000 0.000 0.000 0.996 0.000 0.000 0.001 0.003 
 370 F E   0.000 0.000 0.000 0.994 0.000 0.000 0.000 0.005 
 371 Q E   0.000 0.000 0.000 0.993 0.000 0.000 0.000 0.006 
 372 A E   0.000 0.000 0.000 0.994 0.000 0.000 0.001 0.004 
 373 A E   0.000 0.000 0.000 0.896 0.003 0.001 0.007 0.094 
 374 N L   0.000 0.001 0.000 0.436 0.009 0.004 0.064 0.487 
 375 T S   0.000 0.004 0.000 0.009 0.001 0.289 0.675 0.021 
 376 K S   0.000 0.005 0.000 0.013 0.000 0.310 0.607 0.064 
 377 S E   0.000 0.002 0.000 0.564 0.006 0.008 0.062 0.357 
 378 A E   0.000 0.000 0.000 0.915 0.003 0.001 0.006 0.076 
 379 A E   0.000 0.000 0.000 0.974 0.000 0.000 0.001 0.025 
 380 N E   0.000 0.000 0.000 0.990 0.000 0.000 0.001 0.009 
 381 L E   0.000 0.000 0.000 0.995 0.000 0.000 0.001 0.004 
 382 K E   0.000 0.000 0.000 0.994 0.000 0.000 0.000 0.005 
 383 V E   0.000 0.000 0.000 0.987 0.000 0.000 0.001 0.011 
 384 K E   0.000 0.000 0.000 0.967 0.001 0.001 0.004 0.027 
 385 E E   0.000 0.001 0.000 0.814 0.004 0.001 0.007 0.172 
 386 L L   0.000 0.002 0.000 0.131 0.002 0.012 0.076 0.777 
 387 R L   0.001 0.012 0.000 0.075 0.017 0.036 0.241 0.617 
 388 S L   0.001 0.015 0.000 0.071 0.030 0.023 0.162 0.697 
 389 T L   0.002 0.016 0.000 0.087 0.029 0.028 0.210 0.627 
 390 S L   0.001 0.006 0.000 0.104 0.030 0.025 0.268 0.566 
 391 L L   0.000 0.003 0.000 0.129 0.005 0.010 0.121 0.731 
 392 I L   0.001 0.001 0.000 0.332 0.003 0.002 0.026 0.636 
 393 E E   0.001 0.001 0.000 0.908 0.007 0.001 0.005 0.077 
 394 V E   0.000 0.001 0.000 0.937 0.002 0.001 0.002 0.058 
 395 E E   0.000 0.001 0.000 0.893 0.005 0.004 0.014 0.083 
 396 K E   0.000 0.001 0.000 0.587 0.007 0.004 0.081 0.319 
 397 P L   0.000 0.001 0.000 0.251 0.006 0.003 0.034 0.705 
 398 L L   0.000 0.002 0.000 0.200 0.010 0.008 0.044 0.736 
 399 Y L   0.001 0.004 0.000 0.301 0.017 0.034 0.172 0.470 
 400 G E   0.001 0.004 0.000 0.461 0.004 0.024 0.070 0.437 
 401 V E   0.001 0.003 0.000 0.778 0.011 0.004 0.028 0.175 
 402 E E   0.001 0.001 0.000 0.860 0.006 0.001 0.007 0.124 
 403 V E   0.000 0.001 0.000 0.819 0.014 0.001 0.005 0.160 
 404 F E   0.000 0.001 0.000 0.553 0.015 0.003 0.014 0.413 
 405 V T   0.001 0.006 0.000 0.026 0.001 0.927 0.022 0.017 
 406 G T   0.000 0.003 0.000 0.003 0.000 0.956 0.021 0.017 
 407 E L   0.000 0.003 0.000 0.041 0.001 0.013 0.177 0.765 
 408 T E   0.000 0.001 0.000 0.560 0.018 0.008 0.015 0.398 
 409 A E   0.000 0.000 0.000 0.980 0.002 0.001 0.002 0.015 
 410 H E   0.000 0.000 0.000 0.995 0.000 0.000 0.000 0.005 
 411 F E   0.000 0.000 0.000 0.996 0.000 0.000 0.001 0.003 
 412 E E   0.000 0.000 0.000 0.993 0.000 0.000 0.001 0.006 
 413 I E   0.000 0.000 0.000 0.991 0.000 0.000 0.000 0.008 
 414 E E   0.000 0.000 0.000 0.977 0.001 0.000 0.000 0.021 
 415 L E   0.000 0.000 0.000 0.799 0.005 0.001 0.003 0.193 
 416 S L   0.000 0.001 0.000 0.388 0.017 0.006 0.194 0.393 
 417 E S   0.000 0.003 0.000 0.056 0.003 0.015 0.820 0.104 
 418 P L   0.000 0.003 0.000 0.033 0.007 0.019 0.299 0.638 
 419 D L   0.000 0.002 0.000 0.110 0.010 0.007 0.062 0.809 
 420 V L   0.000 0.001 0.000 0.441 0.008 0.007 0.037 0.506 
 421 H E   0.000 0.001 0.000 0.904 0.002 0.002 0.012 0.080 
 422 G E   0.000 0.000 0.000 0.976 0.000 0.000 0.001 0.022 
 423 Q E   0.000 0.000 0.000 0.988 0.000 0.000 0.000 0.011 
 424 W E   0.000 0.000 0.000 0.994 0.000 0.000 0.001 0.005 
 425 K E   0.000 0.000 0.000 0.991 0.000 0.000 0.000 0.008 
 426 L E   0.000 0.000 0.000 0.972 0.004 0.002 0.007 0.014 
 427 K T   0.001 0.001 0.000 0.008 0.000 0.963 0.020 0.007 
 428 G T   0.000 0.001 0.000 0.006 0.000 0.960 0.019 0.013 
 429 Q E   0.000 0.000 0.000 0.968 0.010 0.004 0.006 0.010 
 430 P E   0.000 0.000 0.000 0.963 0.010 0.000 0.002 0.024 
 431 L L   0.000 0.001 0.000 0.026 0.001 0.002 0.018 0.953 
 432 A L   0.002 0.012 0.000 0.007 0.010 0.018 0.107 0.845 
 433 A L   0.003 0.010 0.000 0.013 0.043 0.020 0.231 0.679 
 434 S L   0.001 0.004 0.000 0.013 0.017 0.006 0.129 0.831 
 435 P T   0.002 0.006 0.000 0.005 0.008 0.436 0.360 0.183 
 436 D T   0.000 0.004 0.000 0.037 0.001 0.472 0.336 0.150 
 437 C E   0.000 0.001 0.000 0.776 0.010 0.004 0.067 0.142 
 438 E E   0.000 0.000 0.000 0.979 0.001 0.000 0.008 0.011 
 439 I E   0.000 0.000 0.000 0.990 0.000 0.000 0.001 0.009 
 440 I E   0.000 0.000 0.000 0.996 0.000 0.000 0.000 0.003 
 441 E E   0.000 0.000 0.000 0.981 0.001 0.001 0.002 0.015 
 442 D E   0.001 0.003 0.000 0.704 0.005 0.017 0.030 0.241 
 443 G T   0.001 0.005 0.000 0.008 0.001 0.583 0.375 0.028 
 444 K T   0.001 0.005 0.000 0.011 0.000 0.567 0.390 0.025 
 445 K E   0.001 0.001 0.000 0.847 0.007 0.010 0.037 0.097 
 446 H E   0.000 0.000 0.000 0.981 0.001 0.000 0.004 0.013 
 447 I E   0.000 0.000 0.000 0.995 0.000 0.000 0.001 0.003 
 448 L E   0.000 0.000 0.000 0.995 0.000 0.000 0.001 0.003 
 449 I E   0.000 0.000 0.000 0.995 0.000 0.001 0.001 0.003 
 450 L E   0.000 0.000 0.000 0.966 0.003 0.003 0.004 0.022 
 451 H L   0.000 0.001 0.000 0.307 0.002 0.010 0.175 0.504 
 452 N S   0.001 0.002 0.000 0.094 0.009 0.017 0.537 0.341 
 453 C L   0.000 0.000 0.000 0.021 0.013 0.002 0.018 0.946 
 454 Q L   0.001 0.011 0.000 0.011 0.019 0.004 0.025 0.929 
 455 L G   0.021 0.445 0.000 0.004 0.002 0.338 0.074 0.117 
 456 G G   0.018 0.467 0.000 0.004 0.002 0.355 0.072 0.083 
 457 M G   0.016 0.444 0.000 0.013 0.005 0.079 0.188 0.254 
 458 T L   0.003 0.012 0.000 0.106 0.004 0.016 0.071 0.789 
 459 G E   0.001 0.001 0.000 0.863 0.006 0.005 0.044 0.080 
 460 E E   0.000 0.000 0.000 0.960 0.001 0.000 0.006 0.032 
 461 V E   0.000 0.000 0.000 0.983 0.000 0.000 0.003 0.013 
 462 S E   0.000 0.000 0.000 0.997 0.000 0.000 0.000 0.003 
 463 F E   0.000 0.000 0.000 0.995 0.000 0.000 0.000 0.005 
 464 Q E   0.000 0.000 0.000 0.993 0.000 0.000 0.000 0.007 
 465 A E   0.000 0.000 0.000 0.998 0.000 0.000 0.000 0.002 
 466 A E   0.000 0.000 0.000 0.973 0.001 0.000 0.002 0.023 
 467 N E   0.000 0.001 0.000 0.581 0.007 0.003 0.032 0.376 
 468 T S   0.000 0.003 0.000 0.007 0.001 0.391 0.583 0.015 
 469 K S   0.000 0.003 0.000 0.006 0.000 0.389 0.581 0.021 
 470 S E   0.000 0.001 0.000 0.658 0.007 0.008 0.073 0.252 
 471 A E   0.000 0.000 0.000 0.930 0.003 0.001 0.006 0.060 
 472 A E   0.000 0.000 0.000 0.974 0.000 0.000 0.001 0.024 
 473 N E   0.000 0.000 0.000 0.990 0.000 0.000 0.001 0.009 
 474 L E   0.000 0.000 0.000 0.995 0.000 0.000 0.001 0.004 
 475 K E   0.000 0.000 0.000 0.995 0.000 0.000 0.000 0.004 
 476 V E   0.000 0.000 0.000 0.992 0.000 0.001 0.001 0.007 
 477 K E   0.000 0.000 0.000 0.952 0.001 0.002 0.005 0.040 
 478 E E   0.000 0.001 0.000 0.828 0.004 0.002 0.016 0.149 
 479 L E   0.000 0.002 0.000 0.558 0.007 0.003 0.019 0.411 
 480 R L   0.003 0.010 0.000 0.319 0.029 0.011 0.045 0.583 
 481 S L   0.009 0.033 0.000 0.115 0.017 0.126 0.178 0.522 
 482 G S   0.008 0.040 0.000 0.053 0.012 0.202 0.471 0.213 
 483 S L   0.010 0.040 0.000 0.044 0.023 0.146 0.193 0.544 
 484 M T   0.012 0.036 0.000 0.030 0.014 0.348 0.246 0.313 
 485 D L   0.004 0.021 0.000 0.030 0.010 0.352 0.203 0.380 
 486 K L   0.004 0.022 0.000 0.055 0.017 0.182 0.303 0.418 
 487 D L   0.003 0.010 0.000 0.122 0.009 0.129 0.110 0.619 
 488 C L   0.002 0.007 0.000 0.404 0.015 0.015 0.029 0.528 
 489 E E   0.001 0.003 0.000 0.677 0.006 0.003 0.012 0.298 
 490 M E   0.000 0.001 0.000 0.835 0.002 0.001 0.009 0.151 
 491 K E   0.000 0.001 0.000 0.952 0.001 0.001 0.012 0.033 
 492 R E   0.000 0.000 0.000 0.989 0.000 0.001 0.002 0.007 
 493 T E   0.000 0.000 0.000 0.994 0.000 0.000 0.001 0.005 
 494 T E   0.000 0.000 0.000 0.992 0.000 0.000 0.000 0.007 
 495 L E   0.000 0.000 0.000 0.986 0.001 0.001 0.003 0.008 
 496 D E   0.000 0.001 0.000 0.835 0.004 0.005 0.052 0.103 
 497 S L   0.000 0.001 0.000 0.360 0.010 0.004 0.063 0.562 
 498 P T   0.001 0.007 0.000 0.008 0.002 0.524 0.420 0.038 
 499 L T   0.000 0.005 0.000 0.011 0.000 0.504 0.466 0.013 
 500 G E   0.001 0.004 0.000 0.722 0.013 0.009 0.103 0.149 
 501 K E   0.000 0.000 0.000 0.885 0.002 0.001 0.012 0.099 
 502 L E   0.000 0.000 0.000 0.990 0.001 0.000 0.001 0.008 
 503 E E   0.000 0.000 0.000 0.997 0.000 0.000 0.001 0.002 
 504 L E   0.000 0.000 0.000 0.997 0.000 0.000 0.000 0.003 
 505 S E   0.000 0.000 0.000 0.997 0.000 0.000 0.000 0.003 
 506 G E   0.000 0.000 0.000 0.984 0.001 0.000 0.001 0.014 
 507 C E   0.000 0.001 0.000 0.830 0.005 0.004 0.015 0.145 
 508 E T   0.001 0.006 0.000 0.017 0.001 0.571 0.387 0.017 
 509 Q T   0.000 0.005 0.000 0.009 0.000 0.609 0.362 0.015 
 510 G E   0.001 0.006 0.000 0.553 0.006 0.080 0.229 0.125 
 511 L E   0.000 0.000 0.000 0.945 0.003 0.003 0.008 0.040 
 512 H E   0.000 0.000 0.000 0.989 0.000 0.000 0.001 0.009 
 513 R E   0.000 0.000 0.000 0.996 0.000 0.000 0.000 0.004 
 514 I E   0.000 0.000 0.000 0.992 0.000 0.000 0.001 0.007 
 515 I E   0.001 0.000 0.000 0.986 0.000 0.001 0.001 0.011 
 516 F E   0.001 0.001 0.000 0.939 0.002 0.006 0.005 0.046 
 517 L L   0.002 0.006 0.000 0.372 0.004 0.037 0.069 0.511 
 518 G L   0.003 0.014 0.000 0.063 0.005 0.055 0.212 0.648 
 519 K L   0.008 0.024 0.000 0.016 0.009 0.131 0.231 0.581 
 520 G L   0.010 0.029 0.000 0.006 0.005 0.132 0.116 0.704 
 521 T L   0.026 0.046 0.000 0.008 0.014 0.045 0.171 0.690 
 522 S L   0.048 0.084 0.000 0.006 0.005 0.044 0.082 0.731 
 523 A L   0.180 0.246 0.000 0.010 0.006 0.063 0.038 0.456 
 524 A L   0.178 0.272 0.000 0.007 0.004 0.038 0.045 0.456 
 525 D L   0.169 0.285 0.000 0.007 0.004 0.023 0.041 0.471 
 526 A L   0.178 0.285 0.000 0.015 0.009 0.041 0.042 0.430 
 527 V L   0.118 0.221 0.000 0.016 0.008 0.077 0.069 0.492 
 528 E L   0.085 0.167 0.000 0.018 0.014 0.090 0.110 0.516 
 529 V L   0.008 0.006 0.000 0.008 0.005 0.010 0.372 0.589 
 530 P L   0.009 0.002 0.000 0.008 0.008 0.006 0.040 0.927 
 531 A L   0.032 0.008 0.000 0.003 0.003 0.018 0.034 0.902 
 532 P L   0.088 0.073 0.000 0.001 0.001 0.055 0.046 0.735 
 533 A L   0.250 0.295 0.000 0.002 0.001 0.051 0.032 0.369 
 534 A L   0.276 0.304 0.000 0.010 0.004 0.033 0.016 0.357 
 535 V L   0.267 0.281 0.000 0.021 0.012 0.049 0.030 0.339 
 536 L L   0.117 0.058 0.000 0.015 0.012 0.223 0.079 0.497 
 537 G L   0.016 0.011 0.000 0.007 0.010 0.277 0.128 0.552 
 538 G L   0.009 0.002 0.000 0.002 0.004 0.024 0.349 0.611 
 539 P L   0.024 0.005 0.000 0.002 0.007 0.011 0.157 0.794 
 540 E H   0.588 0.075 0.000 0.001 0.002 0.106 0.071 0.157 
 541 P H   0.711 0.085 0.000 0.002 0.001 0.129 0.025 0.046 
 542 L H   0.798 0.085 0.000 0.001 0.001 0.064 0.019 0.032 
 543 M H   0.961 0.010 0.000 0.001 0.000 0.009 0.006 0.013 
 544 Q H   0.990 0.001 0.000 0.001 0.000 0.003 0.002 0.003 
 545 A H   0.996 0.000 0.000 0.000 0.000 0.002 0.000 0.002 
 546 T H   0.998 0.000 0.000 0.000 0.000 0.001 0.000 0.001 
 547 A H   0.998 0.000 0.000 0.000 0.000 0.001 0.000 0.001 
 548 W H   0.997 0.000 0.000 0.000 0.000 0.001 0.000 0.001 
 549 L H   0.997 0.000 0.000 0.000 0.000 0.001 0.000 0.001 
 550 N H   0.995 0.001 0.000 0.000 0.000 0.003 0.000 0.001 
 551 A H   0.987 0.002 0.000 0.001 0.000 0.007 0.001 0.002 
 552 Y H   0.970 0.005 0.000 0.001 0.000 0.016 0.003 0.005 
 553 F H   0.859 0.004 0.000 0.003 0.002 0.073 0.019 0.041 
 554 H H   0.376 0.003 0.000 0.007 0.013 0.204 0.148 0.248 
 555 Q L   0.015 0.005 0.000 0.003 0.003 0.016 0.418 0.540 
 556 P L   0.058 0.120 0.000 0.006 0.008 0.073 0.061 0.674 
 557 E L   0.064 0.154 0.000 0.006 0.012 0.063 0.100 0.601 
 558 A L   0.086 0.163 0.000 0.012 0.013 0.020 0.083 0.623 
 559 I L   0.120 0.179 0.000 0.020 0.021 0.046 0.102 0.512 
 560 E L   0.087 0.140 0.000 0.016 0.014 0.143 0.167 0.434 
 561 E L   0.062 0.112 0.000 0.018 0.020 0.163 0.152 0.473 
 562 F L   0.005 0.006 0.000 0.017 0.014 0.012 0.411 0.535 
 563 P L   0.001 0.003 0.000 0.019 0.016 0.014 0.212 0.735 
 564 V L   0.003 0.021 0.000 0.022 0.034 0.011 0.162 0.746 
 565 P L   0.003 0.066 0.000 0.007 0.005 0.010 0.019 0.889 
 566 A L   0.011 0.121 0.000 0.018 0.015 0.051 0.081 0.703 
 567 L L   0.009 0.082 0.000 0.030 0.019 0.056 0.081 0.721 
 568 H L   0.005 0.033 0.000 0.032 0.020 0.035 0.307 0.568 
 569 H L   0.003 0.008 0.000 0.034 0.010 0.017 0.249 0.679 
 570 P L   0.009 0.020 0.000 0.072 0.026 0.025 0.043 0.805 
 571 V L   0.020 0.044 0.000 0.138 0.113 0.021 0.179 0.484 
 572 F L   0.023 0.054 0.000 0.119 0.089 0.037 0.066 0.611 
 573 Q T   0.018 0.055 0.000 0.022 0.006 0.468 0.084 0.347 
 574 Q T   0.006 0.030 0.000 0.004 0.004 0.477 0.257 0.222 
 575 E L   0.004 0.013 0.000 0.004 0.011 0.037 0.455 0.475 
 576 S L   0.014 0.001 0.000 0.002 0.015 0.014 0.348 0.605 
 577 F H   0.918 0.004 0.000 0.000 0.000 0.048 0.012 0.017 
 578 T H   0.960 0.003 0.000 0.000 0.000 0.026 0.003 0.007 
 579 R H   0.988 0.003 0.000 0.000 0.000 0.004 0.001 0.004 
 580 Q H   0.995 0.001 0.000 0.000 0.000 0.002 0.000 0.002 
 581 V H   0.998 0.000 0.000 0.000 0.000 0.001 0.000 0.000 
 582 L H   0.998 0.000 0.000 0.000 0.000 0.001 0.000 0.000 
 583 W H   0.998 0.000 0.000 0.000 0.000 0.001 0.000 0.001 
 584 K H   0.995 0.001 0.000 0.000 0.000 0.003 0.000 0.001 
 585 L H   0.992 0.003 0.000 0.000 0.000 0.004 0.000 0.001 
 586 L H   0.963 0.010 0.000 0.000 0.000 0.024 0.001 0.001 
 587 K T   0.470 0.011 0.000 0.000 0.000 0.511 0.005 0.003 
 588 V T   0.217 0.010 0.000 0.000 0.000 0.740 0.021 0.011 
 589 V L   0.004 0.001 0.000 0.002 0.007 0.002 0.438 0.546 
 590 K L   0.001 0.001 0.000 0.002 0.006 0.003 0.012 0.975 
 591 F T   0.001 0.004 0.000 0.002 0.002 0.939 0.041 0.010 
 592 G T   0.001 0.003 0.000 0.013 0.001 0.928 0.043 0.011 
 593 E L   0.001 0.002 0.000 0.304 0.012 0.003 0.019 0.660 
 594 V E   0.001 0.000 0.000 0.883 0.019 0.001 0.004 0.092 
 595 I E   0.000 0.000 0.000 0.907 0.012 0.001 0.005 0.074 
 596 S E   0.001 0.000 0.000 0.742 0.021 0.000 0.003 0.232 
 597 Y H   0.925 0.005 0.000 0.013 0.000 0.012 0.002 0.042 
 598 S H   0.984 0.004 0.000 0.000 0.000 0.009 0.001 0.002 
 599 H H   0.989 0.004 0.000 0.000 0.000 0.005 0.001 0.001 
 600 L H   0.997 0.002 0.000 0.000 0.000 0.001 0.000 0.000 
 601 A H   0.995 0.002 0.000 0.000 0.000 0.002 0.000 0.000 
 602 A H   0.990 0.004 0.000 0.000 0.000 0.004 0.000 0.000 
 603 L H   0.970 0.008 0.001 0.001 0.001 0.017 0.001 0.002 
 604 A T   0.427 0.005 0.001 0.000 0.000 0.561 0.004 0.001 
 605 G T   0.019 0.004 0.000 0.000 0.000 0.962 0.009 0.006 
 606 N L   0.000 0.001 0.000 0.001 0.003 0.007 0.313 0.674 
 607 P T   0.023 0.016 0.000 0.000 0.001 0.934 0.023 0.003 
 608 A T   0.034 0.011 0.000 0.000 0.001 0.926 0.017 0.011 
 609 A H   0.785 0.015 0.001 0.001 0.006 0.018 0.041 0.134 
 610 T H   0.948 0.007 0.000 0.000 0.001 0.009 0.005 0.030 
 611 A H   0.985 0.006 0.000 0.000 0.000 0.006 0.001 0.001 
 612 A H   0.995 0.003 0.000 0.000 0.000 0.001 0.000 0.001 
 613 V H   0.995 0.003 0.000 0.000 0.000 0.001 0.000 0.001 
 614 K H   0.993 0.003 0.000 0.000 0.000 0.003 0.000 0.000 
 615 T H   0.990 0.004 0.000 0.000 0.000 0.005 0.000 0.001 
 616 A H   0.980 0.006 0.000 0.000 0.000 0.010 0.001 0.002 
 617 L H   0.921 0.017 0.000 0.000 0.000 0.056 0.002 0.002 
 618 S H   0.637 0.018 0.000 0.000 0.000 0.330 0.010 0.005 
 619 G T   0.379 0.018 0.000 0.001 0.001 0.519 0.063 0.019 
 620 N L   0.002 0.002 0.000 0.003 0.007 0.013 0.348 0.625 
 621 P S   0.001 0.011 0.000 0.004 0.008 0.052 0.570 0.355 
 622 V S   0.001 0.031 0.000 0.021 0.008 0.053 0.750 0.136 
 623 P L   0.001 0.060 0.000 0.078 0.004 0.027 0.287 0.542 
 624 I E   0.005 0.062 0.000 0.627 0.029 0.029 0.122 0.126 
 625 L E   0.003 0.022 0.000 0.759 0.064 0.010 0.055 0.086 
 626 I E   0.001 0.006 0.000 0.634 0.014 0.002 0.063 0.281 
 627 P E   0.001 0.018 0.000 0.483 0.016 0.010 0.036 0.434 
 628 C G   0.007 0.419 0.000 0.371 0.006 0.040 0.054 0.102 
 629 H G   0.009 0.450 0.000 0.385 0.002 0.057 0.050 0.046 
 630 R E   0.008 0.408 0.000 0.453 0.007 0.027 0.021 0.075 
 631 V E   0.007 0.093 0.000 0.579 0.026 0.015 0.059 0.221 
 632 V E   0.005 0.010 0.000 0.568 0.092 0.012 0.070 0.243 
 633 Q L   0.001 0.002 0.000 0.166 0.010 0.015 0.081 0.725 
 634 G L   0.004 0.015 0.000 0.024 0.008 0.274 0.315 0.359 
 635 D L   0.001 0.016 0.000 0.009 0.007 0.331 0.240 0.395 
 636 L L   0.001 0.017 0.000 0.018 0.014 0.052 0.448 0.450 
 637 D L   0.001 0.010 0.000 0.043 0.036 0.013 0.148 0.749 
 638 V L   0.002 0.014 0.000 0.050 0.072 0.026 0.135 0.701 
 639 G L   0.003 0.024 0.000 0.027 0.023 0.113 0.257 0.553 
 640 G L   0.011 0.052 0.000 0.022 0.018 0.141 0.333 0.424 
 641 Y L   0.084 0.119 0.000 0.033 0.039 0.132 0.194 0.398 
 642 E L   0.159 0.151 0.000 0.022 0.018 0.260 0.070 0.320 
 643 G H   0.274 0.129 0.001 0.013 0.016 0.250 0.054 0.265 
 644 G H   0.697 0.038 0.001 0.007 0.017 0.046 0.041 0.154 
 645 L H   0.969 0.005 0.000 0.001 0.001 0.009 0.004 0.011 
 646 A H   0.983 0.003 0.000 0.000 0.000 0.006 0.001 0.007 
 647 V H   0.991 0.002 0.000 0.000 0.000 0.004 0.001 0.003 
 648 K H   0.993 0.001 0.000 0.000 0.000 0.003 0.000 0.002 
 649 E H   0.992 0.002 0.000 0.000 0.000 0.004 0.000 0.002 
 650 W H   0.992 0.002 0.000 0.000 0.000 0.004 0.000 0.002 
 651 L H   0.991 0.002 0.000 0.000 0.000 0.005 0.000 0.002 
 652 L H   0.981 0.003 0.000 0.001 0.000 0.012 0.001 0.002 
 653 A H   0.938 0.006 0.000 0.001 0.000 0.047 0.004 0.004 
 654 H H   0.733 0.012 0.000 0.002 0.001 0.204 0.015 0.032 
 655 E T   0.308 0.015 0.000 0.001 0.001 0.583 0.020 0.071 
 656 G T   0.020 0.010 0.000 0.001 0.001 0.775 0.019 0.174 
 657 H L   0.011 0.011 0.000 0.014 0.008 0.024 0.046 0.886 
 658 R L   0.021 0.016 0.000 0.038 0.041 0.024 0.030 0.829 
 659 L L   0.007 0.020 0.000 0.016 0.010 0.117 0.053 0.776 
 660 G L   0.002 0.028 0.000 0.003 0.003 0.128 0.088 0.747 
 661 K L   0.002 0.030 0.000 0.002 0.004 0.027 0.154 0.781 
 662 P L   0.003 0.031 0.000 0.005 0.004 0.035 0.047 0.875 
 663 G L   0.002 0.018 0.000 0.005 0.004 0.034 0.040 0.897 
 664 L L   0.001 0.005 0.000 0.005 0.007 0.012 0.001 0.970 
 665 G L   0.000 0.000 0.000 0.000 0.000 0.000 0.000 0.999 
