#DeepConCNF_SS8: eight-class secondary structure prediction results 
#probabilities are in the order of H G I E B T S L(loops), the 8 secondary structure types used in DSSP 
   1 M L   0.000 0.000 0.000 0.000 0.000 0.000 0.000 0.999 
   2 A L   0.001 0.001 0.000 0.003 0.003 0.002 0.000 0.991 
   3 E L   0.001 0.003 0.000 0.004 0.004 0.006 0.010 0.972 
   4 I L   0.001 0.006 0.000 0.004 0.003 0.010 0.022 0.955 
   5 G L   0.001 0.003 0.000 0.002 0.002 0.015 0.021 0.957 
   6 T L   0.000 0.002 0.000 0.002 0.003 0.023 0.077 0.892 
   7 G L   0.000 0.002 0.000 0.004 0.011 0.020 0.199 0.764 
   8 F L   0.000 0.003 0.000 0.006 0.015 0.011 0.257 0.707 
   9 P L   0.000 0.003 0.000 0.009 0.011 0.015 0.280 0.682 
  10 F L   0.001 0.002 0.000 0.031 0.049 0.020 0.176 0.721 
  11 D L   0.000 0.002 0.000 0.040 0.006 0.009 0.131 0.811 
  12 P L   0.000 0.001 0.000 0.151 0.002 0.006 0.071 0.769 
  13 H E   0.000 0.001 0.000 0.928 0.005 0.002 0.014 0.051 
  14 Y E   0.000 0.000 0.000 0.977 0.000 0.000 0.001 0.021 
  15 V E   0.000 0.000 0.000 0.995 0.000 0.000 0.000 0.005 
  16 E E   0.000 0.000 0.000 0.997 0.000 0.000 0.000 0.003 
  17 V E   0.000 0.000 0.000 0.974 0.002 0.002 0.004 0.018 
  18 L T   0.001 0.003 0.000 0.008 0.000 0.952 0.025 0.011 
  19 G T   0.000 0.002 0.000 0.003 0.000 0.954 0.028 0.012 
  20 E E   0.001 0.001 0.000 0.935 0.008 0.010 0.018 0.028 
  21 R E   0.000 0.000 0.000 0.989 0.000 0.000 0.001 0.009 
  22 M E   0.000 0.000 0.000 0.996 0.000 0.000 0.000 0.003 
  23 H E   0.000 0.000 0.000 0.998 0.000 0.000 0.000 0.001 
  24 Y E   0.000 0.000 0.000 0.997 0.000 0.000 0.001 0.002 
  25 V E   0.000 0.000 0.000 0.994 0.000 0.000 0.001 0.004 
  26 D E   0.000 0.000 0.000 0.991 0.002 0.001 0.003 0.003 
  27 V E   0.000 0.001 0.000 0.710 0.008 0.007 0.028 0.247 
  28 G S   0.000 0.002 0.000 0.037 0.002 0.006 0.634 0.319 
  29 P L   0.000 0.004 0.000 0.008 0.015 0.027 0.211 0.733 
  30 R T   0.002 0.013 0.000 0.001 0.004 0.783 0.162 0.036 
  31 D T   0.001 0.007 0.000 0.002 0.001 0.799 0.164 0.027 
  32 G S   0.000 0.004 0.000 0.033 0.007 0.008 0.813 0.134 
  33 T L   0.000 0.001 0.000 0.155 0.021 0.002 0.052 0.768 
  34 P E   0.000 0.000 0.000 0.596 0.006 0.001 0.008 0.388 
  35 V E   0.000 0.000 0.000 0.986 0.001 0.000 0.001 0.011 
  36 L E   0.000 0.000 0.000 0.996 0.000 0.000 0.000 0.003 
  37 F E   0.000 0.000 0.000 0.997 0.000 0.000 0.000 0.002 
  38 L E   0.000 0.000 0.000 0.955 0.002 0.001 0.003 0.039 
  39 H L   0.000 0.000 0.000 0.067 0.001 0.000 0.005 0.926 
  40 G L   0.001 0.001 0.000 0.013 0.013 0.004 0.063 0.906 
  41 N T   0.003 0.008 0.000 0.002 0.004 0.778 0.158 0.047 
  42 P T   0.002 0.005 0.000 0.007 0.008 0.837 0.082 0.060 
  43 T L   0.003 0.007 0.000 0.017 0.057 0.019 0.042 0.855 
  44 S L   0.002 0.006 0.000 0.003 0.012 0.003 0.087 0.887 
  45 S G   0.142 0.691 0.001 0.000 0.001 0.100 0.045 0.020 
  46 Y G   0.139 0.758 0.001 0.000 0.001 0.081 0.009 0.011 
  47 V G   0.130 0.807 0.000 0.000 0.000 0.049 0.005 0.009 
  48 W G   0.134 0.764 0.001 0.000 0.000 0.089 0.006 0.006 
  49 R G   0.118 0.695 0.001 0.001 0.003 0.168 0.006 0.009 
  50 N G   0.073 0.528 0.001 0.000 0.000 0.386 0.008 0.004 
  51 I G   0.096 0.446 0.001 0.000 0.001 0.420 0.012 0.025 
  52 I H   0.486 0.469 0.001 0.000 0.000 0.020 0.014 0.010 
  53 P H   0.500 0.463 0.000 0.000 0.000 0.027 0.002 0.007 
  54 H H   0.535 0.404 0.001 0.001 0.000 0.051 0.002 0.006 
  55 V H   0.588 0.158 0.002 0.006 0.022 0.118 0.060 0.045 
  56 A L   0.161 0.088 0.001 0.005 0.015 0.333 0.062 0.335 
  57 P T   0.031 0.082 0.000 0.001 0.004 0.830 0.040 0.012 
  58 T T   0.018 0.070 0.000 0.003 0.001 0.821 0.083 0.005 
  59 H S   0.000 0.003 0.000 0.091 0.002 0.003 0.828 0.073 
  60 R E   0.000 0.000 0.000 0.875 0.029 0.001 0.006 0.089 
  61 C E   0.000 0.000 0.000 0.992 0.001 0.000 0.000 0.007 
  62 I E   0.000 0.000 0.000 0.992 0.000 0.000 0.000 0.007 
  63 A E   0.000 0.000 0.000 0.981 0.003 0.000 0.002 0.014 
  64 P E   0.000 0.000 0.000 0.803 0.016 0.002 0.009 0.170 
  65 D L   0.000 0.000 0.000 0.066 0.005 0.001 0.010 0.919 
  66 L L   0.000 0.001 0.000 0.012 0.035 0.005 0.030 0.917 
  67 I T   0.003 0.011 0.000 0.001 0.004 0.950 0.023 0.008 
  68 G T   0.001 0.013 0.000 0.002 0.004 0.943 0.028 0.009 
  69 M S   0.003 0.038 0.000 0.010 0.040 0.134 0.639 0.135 
  70 G T   0.006 0.022 0.000 0.012 0.036 0.622 0.200 0.103 
  71 K T   0.004 0.024 0.000 0.013 0.026 0.625 0.133 0.175 
  72 S L   0.003 0.010 0.000 0.007 0.031 0.057 0.399 0.493 
  73 D S   0.002 0.006 0.000 0.002 0.005 0.026 0.517 0.441 
  74 K S   0.002 0.013 0.000 0.002 0.010 0.037 0.507 0.429 
  75 P L   0.008 0.147 0.000 0.002 0.005 0.245 0.055 0.538 
  76 D L   0.007 0.182 0.000 0.002 0.006 0.311 0.105 0.386 
  77 L L   0.010 0.171 0.000 0.006 0.014 0.293 0.143 0.363 
  78 G L   0.007 0.058 0.000 0.013 0.035 0.284 0.130 0.474 
  79 Y L   0.005 0.005 0.000 0.027 0.056 0.030 0.182 0.695 
  80 F L   0.025 0.001 0.001 0.031 0.149 0.009 0.257 0.529 
  81 F H   0.968 0.003 0.000 0.001 0.000 0.015 0.005 0.007 
  82 D H   0.990 0.002 0.000 0.000 0.000 0.006 0.001 0.001 
  83 D H   0.994 0.002 0.000 0.000 0.000 0.003 0.001 0.001 
  84 H H   0.998 0.000 0.000 0.000 0.000 0.001 0.000 0.001 
  85 V H   0.998 0.000 0.000 0.000 0.000 0.001 0.000 0.000 
  86 R H   0.998 0.000 0.000 0.000 0.000 0.002 0.000 0.000 
  87 F H   0.998 0.000 0.000 0.000 0.000 0.002 0.000 0.000 
  88 M H   0.998 0.000 0.000 0.000 0.000 0.001 0.000 0.001 
  89 D H   0.998 0.000 0.000 0.000 0.000 0.001 0.000 0.000 
  90 A H   0.998 0.000 0.000 0.000 0.000 0.001 0.000 0.000 
  91 F H   0.998 0.000 0.000 0.000 0.000 0.001 0.000 0.000 
  92 I H   0.998 0.001 0.000 0.000 0.000 0.001 0.000 0.000 
  93 E H   0.993 0.003 0.000 0.000 0.000 0.004 0.000 0.000 
  94 A H   0.976 0.004 0.000 0.000 0.000 0.016 0.001 0.003 
  95 L H   0.589 0.006 0.000 0.000 0.000 0.372 0.025 0.008 
  96 G T   0.008 0.002 0.000 0.000 0.000 0.858 0.019 0.114 
  97 L L   0.000 0.001 0.000 0.014 0.008 0.007 0.011 0.958 
  98 E S   0.001 0.002 0.000 0.013 0.002 0.008 0.625 0.350 
  99 E L   0.000 0.002 0.000 0.141 0.002 0.013 0.228 0.613 
 100 V E   0.000 0.000 0.000 0.950 0.004 0.001 0.006 0.039 
 101 V E   0.000 0.000 0.000 0.996 0.000 0.000 0.000 0.003 
 102 L E   0.000 0.000 0.000 0.996 0.000 0.000 0.000 0.004 
 103 V E   0.000 0.000 0.000 0.997 0.000 0.000 0.000 0.002 
 104 I E   0.000 0.000 0.000 0.994 0.000 0.000 0.000 0.006 
 105 H E   0.001 0.001 0.000 0.966 0.005 0.005 0.006 0.016 
 106 D T   0.024 0.002 0.001 0.004 0.000 0.883 0.068 0.018 
 107 W H   0.916 0.003 0.001 0.000 0.000 0.076 0.002 0.002 
 108 G H   0.994 0.001 0.000 0.000 0.000 0.002 0.002 0.001 
 109 S H   0.996 0.000 0.000 0.000 0.000 0.002 0.000 0.000 
 110 A H   0.999 0.000 0.000 0.000 0.000 0.000 0.000 0.000 
 111 L H   0.998 0.000 0.000 0.000 0.000 0.001 0.000 0.000 
 112 G H   0.997 0.000 0.000 0.000 0.000 0.003 0.000 0.000 
 113 F H   0.993 0.001 0.000 0.000 0.000 0.006 0.000 0.000 
 114 H H   0.992 0.002 0.000 0.000 0.000 0.004 0.000 0.001 
 115 W H   0.990 0.005 0.000 0.000 0.000 0.003 0.001 0.001 
 116 A H   0.981 0.007 0.000 0.000 0.000 0.010 0.001 0.001 
 117 K H   0.937 0.006 0.000 0.000 0.000 0.054 0.002 0.001 
 118 R H   0.890 0.002 0.000 0.001 0.001 0.083 0.015 0.007 
 119 N L   0.011 0.002 0.000 0.001 0.002 0.023 0.102 0.860 
 120 P T   0.012 0.245 0.000 0.000 0.001 0.704 0.021 0.017 
 121 E T   0.005 0.222 0.000 0.000 0.000 0.759 0.012 0.001 
 122 R T   0.005 0.230 0.000 0.006 0.000 0.690 0.062 0.007 
 123 V E   0.002 0.004 0.000 0.552 0.065 0.007 0.017 0.352 
 124 K E   0.000 0.000 0.000 0.561 0.002 0.000 0.232 0.204 
 125 G E   0.000 0.000 0.000 0.969 0.002 0.004 0.005 0.019 
 126 I E   0.000 0.000 0.000 0.998 0.000 0.000 0.000 0.002 
 127 A E   0.000 0.000 0.000 0.995 0.000 0.000 0.000 0.005 
 128 F E   0.000 0.000 0.000 0.989 0.002 0.001 0.001 0.007 
 129 M E   0.000 0.000 0.000 0.717 0.012 0.003 0.030 0.238 
 130 E S   0.000 0.001 0.000 0.045 0.001 0.006 0.902 0.045 
 131 F L   0.000 0.001 0.000 0.023 0.016 0.006 0.190 0.764 
 132 I L   0.000 0.002 0.000 0.024 0.045 0.002 0.073 0.854 
 133 R L   0.000 0.001 0.000 0.015 0.033 0.012 0.174 0.765 
 134 P L   0.001 0.003 0.000 0.013 0.036 0.021 0.154 0.773 
 135 I L   0.002 0.002 0.000 0.008 0.021 0.016 0.063 0.888 
 136 P L   0.007 0.039 0.000 0.002 0.006 0.169 0.116 0.660 
 137 T L   0.014 0.130 0.000 0.001 0.003 0.224 0.105 0.523 
 138 W G   0.048 0.442 0.000 0.002 0.005 0.116 0.094 0.293 
 139 D G   0.065 0.457 0.000 0.001 0.002 0.174 0.093 0.208 
 140 E G   0.108 0.417 0.000 0.002 0.005 0.190 0.107 0.171 
 141 W L   0.174 0.025 0.000 0.004 0.013 0.029 0.294 0.461 
 142 P H   0.481 0.005 0.000 0.002 0.005 0.036 0.018 0.452 
 143 E H   0.923 0.007 0.000 0.000 0.000 0.042 0.008 0.019 
 144 F H   0.955 0.009 0.000 0.000 0.000 0.024 0.003 0.007 
 145 A H   0.974 0.008 0.000 0.000 0.000 0.007 0.002 0.008 
 146 R H   0.991 0.004 0.000 0.000 0.000 0.002 0.001 0.002 
 147 E H   0.991 0.003 0.000 0.000 0.000 0.003 0.001 0.002 
 148 T H   0.989 0.004 0.000 0.000 0.000 0.004 0.000 0.002 
 149 F H   0.982 0.006 0.000 0.000 0.000 0.008 0.001 0.003 
 150 Q H   0.951 0.015 0.000 0.000 0.000 0.029 0.002 0.002 
 151 A H   0.877 0.025 0.000 0.001 0.000 0.081 0.007 0.008 
 152 F H   0.699 0.027 0.000 0.002 0.002 0.164 0.030 0.077 
 153 R H   0.410 0.017 0.000 0.003 0.010 0.260 0.056 0.242 
 154 T S   0.113 0.006 0.000 0.003 0.006 0.064 0.498 0.310 
 155 T S   0.119 0.006 0.000 0.002 0.007 0.031 0.649 0.186 
 156 D H   0.683 0.023 0.001 0.002 0.005 0.103 0.066 0.116 
 157 V H   0.830 0.027 0.000 0.003 0.002 0.099 0.023 0.016 
 158 G H   0.862 0.029 0.001 0.003 0.002 0.046 0.020 0.039 
 159 R H   0.911 0.023 0.000 0.003 0.002 0.025 0.016 0.020 
 160 K H   0.907 0.021 0.001 0.002 0.001 0.036 0.008 0.025 
 161 L H   0.906 0.022 0.001 0.003 0.001 0.041 0.009 0.017 
 162 I H   0.908 0.022 0.001 0.005 0.002 0.036 0.005 0.021 
 163 I H   0.891 0.023 0.001 0.003 0.002 0.037 0.010 0.031 
 164 D H   0.841 0.027 0.001 0.000 0.000 0.071 0.010 0.050 
 165 Q H   0.902 0.025 0.001 0.000 0.000 0.060 0.005 0.006 
 166 N H   0.923 0.021 0.000 0.001 0.000 0.041 0.004 0.010 
 167 V H   0.945 0.018 0.000 0.002 0.001 0.017 0.003 0.013 
 168 F H   0.944 0.019 0.001 0.004 0.001 0.021 0.003 0.008 
 169 I H   0.941 0.020 0.000 0.005 0.001 0.020 0.004 0.009 
 170 E H   0.862 0.033 0.001 0.004 0.001 0.090 0.004 0.005 
 171 G T   0.444 0.026 0.000 0.001 0.001 0.500 0.015 0.012 
 172 T T   0.383 0.030 0.000 0.004 0.006 0.501 0.050 0.025 
 173 L S   0.030 0.016 0.000 0.006 0.012 0.044 0.671 0.221 
 174 P L   0.010 0.033 0.000 0.009 0.020 0.057 0.054 0.816 
 175 M S   0.018 0.057 0.000 0.008 0.027 0.340 0.371 0.179 
 176 G T   0.003 0.039 0.000 0.015 0.009 0.360 0.222 0.351 
 177 V L   0.002 0.030 0.000 0.050 0.023 0.082 0.227 0.586 
 178 V S   0.006 0.010 0.000 0.131 0.125 0.055 0.383 0.290 
 179 R L   0.000 0.003 0.000 0.104 0.032 0.008 0.303 0.550 
 180 P L   0.001 0.002 0.000 0.055 0.030 0.007 0.059 0.847 
 181 L L   0.005 0.001 0.000 0.031 0.061 0.004 0.056 0.842 
 182 T L   0.015 0.001 0.000 0.010 0.014 0.003 0.023 0.935 
 183 E H   0.964 0.011 0.000 0.000 0.000 0.014 0.003 0.007 
 184 V H   0.970 0.013 0.000 0.000 0.000 0.012 0.002 0.003 
 185 E H   0.970 0.022 0.000 0.000 0.000 0.005 0.001 0.002 
 186 M H   0.969 0.022 0.000 0.000 0.000 0.007 0.001 0.002 
 187 D H   0.934 0.024 0.001 0.000 0.000 0.038 0.002 0.001 
 188 H H   0.787 0.019 0.001 0.001 0.001 0.179 0.008 0.005 
 189 Y T   0.457 0.022 0.002 0.001 0.002 0.483 0.023 0.009 
 190 R T   0.276 0.124 0.004 0.005 0.020 0.481 0.040 0.051 
 191 E G   0.081 0.719 0.001 0.000 0.002 0.102 0.059 0.036 
 192 P G   0.049 0.792 0.000 0.001 0.001 0.132 0.016 0.009 
 193 F G   0.049 0.742 0.001 0.003 0.004 0.151 0.031 0.019 
 194 L S   0.028 0.157 0.001 0.011 0.051 0.115 0.428 0.209 
 195 N S   0.003 0.006 0.000 0.006 0.011 0.025 0.564 0.386 
 196 P T   0.038 0.074 0.000 0.005 0.012 0.551 0.113 0.207 
 197 V T   0.025 0.098 0.000 0.003 0.008 0.613 0.094 0.161 
 198 D L   0.020 0.105 0.000 0.001 0.003 0.369 0.084 0.418 
 199 R L   0.039 0.066 0.000 0.003 0.008 0.185 0.164 0.535 
 200 E L   0.087 0.128 0.000 0.008 0.022 0.167 0.127 0.461 
 201 P G   0.146 0.326 0.000 0.008 0.008 0.164 0.043 0.305 
 202 L G   0.165 0.388 0.000 0.012 0.008 0.190 0.088 0.148 
 203 W G   0.137 0.313 0.000 0.018 0.015 0.222 0.124 0.171 
 204 R L   0.090 0.162 0.000 0.019 0.031 0.223 0.198 0.278 
 205 F L   0.045 0.050 0.000 0.007 0.007 0.054 0.333 0.504 
 206 P L   0.086 0.171 0.000 0.005 0.008 0.207 0.058 0.464 
 207 N T   0.112 0.176 0.000 0.003 0.004 0.534 0.072 0.098 
 208 E T   0.099 0.170 0.000 0.003 0.004 0.508 0.096 0.120 
 209 L S   0.038 0.055 0.000 0.002 0.004 0.023 0.511 0.367 
 210 P L   0.047 0.070 0.000 0.004 0.010 0.040 0.039 0.790 
 211 I L   0.065 0.131 0.000 0.022 0.056 0.118 0.111 0.496 
 212 A T   0.026 0.078 0.000 0.010 0.008 0.594 0.069 0.214 
 213 G T   0.005 0.039 0.000 0.002 0.003 0.601 0.123 0.227 
 214 E L   0.003 0.009 0.000 0.006 0.010 0.020 0.327 0.625 
 215 P L   0.016 0.043 0.000 0.015 0.034 0.027 0.041 0.824 
 216 A G   0.072 0.388 0.000 0.007 0.015 0.086 0.154 0.279 
 217 N G   0.092 0.406 0.001 0.007 0.016 0.087 0.105 0.287 
 218 I G   0.372 0.426 0.001 0.002 0.004 0.042 0.068 0.086 
 219 V H   0.537 0.366 0.001 0.002 0.002 0.048 0.028 0.015 
 220 A H   0.549 0.345 0.001 0.001 0.001 0.060 0.020 0.023 
 221 L H   0.593 0.230 0.002 0.001 0.002 0.078 0.020 0.074 
 222 V H   0.764 0.127 0.002 0.003 0.006 0.043 0.009 0.044 
 223 E H   0.812 0.108 0.002 0.002 0.002 0.053 0.008 0.013 
 224 E H   0.784 0.104 0.001 0.001 0.001 0.088 0.006 0.014 
 225 Y H   0.733 0.129 0.001 0.001 0.001 0.102 0.010 0.022 
 226 M H   0.505 0.329 0.003 0.001 0.003 0.084 0.029 0.047 
 227 D G   0.303 0.508 0.000 0.000 0.000 0.173 0.008 0.007 
 228 W G   0.281 0.523 0.000 0.001 0.002 0.165 0.013 0.016 
 229 L G   0.235 0.488 0.000 0.002 0.007 0.041 0.034 0.192 
 230 H G   0.128 0.306 0.000 0.001 0.005 0.213 0.075 0.272 
 231 Q T   0.052 0.211 0.000 0.002 0.008 0.340 0.253 0.134 
 232 S S   0.001 0.006 0.000 0.002 0.006 0.021 0.647 0.317 
 233 P L   0.000 0.001 0.000 0.004 0.019 0.015 0.315 0.645 
 234 V S   0.000 0.001 0.000 0.009 0.005 0.002 0.767 0.216 
 235 P L   0.000 0.000 0.000 0.047 0.001 0.001 0.019 0.932 
 236 K E   0.000 0.000 0.000 0.980 0.004 0.000 0.002 0.013 
 237 L E   0.000 0.000 0.000 0.999 0.000 0.000 0.000 0.001 
 238 L E   0.000 0.000 0.000 0.999 0.000 0.000 0.000 0.001 
 239 F E   0.000 0.000 0.000 0.997 0.000 0.000 0.000 0.002 
 240 W E   0.000 0.000 0.000 0.959 0.002 0.001 0.004 0.033 
 241 G E   0.001 0.000 0.000 0.624 0.016 0.003 0.050 0.306 
 242 T T   0.002 0.007 0.000 0.030 0.006 0.642 0.259 0.054 
 243 P T   0.001 0.008 0.000 0.008 0.006 0.758 0.187 0.032 
 244 G L   0.002 0.012 0.000 0.006 0.026 0.065 0.139 0.751 
 245 V S   0.001 0.002 0.000 0.002 0.006 0.019 0.915 0.056 
 246 L S   0.000 0.001 0.000 0.001 0.002 0.012 0.915 0.069 
 247 I S   0.001 0.001 0.000 0.003 0.011 0.002 0.860 0.122 
 248 P L   0.007 0.000 0.000 0.002 0.003 0.001 0.006 0.982 
 249 P H   0.967 0.003 0.000 0.000 0.000 0.017 0.006 0.006 
 250 A H   0.987 0.002 0.000 0.000 0.000 0.009 0.001 0.001 
 251 E H   0.995 0.002 0.000 0.000 0.000 0.002 0.000 0.001 
 252 A H   0.996 0.001 0.000 0.000 0.000 0.002 0.000 0.001 
 253 A H   0.997 0.001 0.000 0.000 0.000 0.002 0.000 0.000 
 254 R H   0.996 0.001 0.000 0.000 0.000 0.003 0.000 0.000 
 255 L H   0.997 0.001 0.000 0.000 0.000 0.001 0.000 0.000 
 256 A H   0.985 0.003 0.000 0.000 0.000 0.010 0.000 0.001 
 257 K H   0.893 0.004 0.000 0.000 0.000 0.102 0.001 0.001 
 258 S H   0.825 0.004 0.000 0.000 0.000 0.161 0.006 0.003 
 259 L L   0.003 0.001 0.000 0.001 0.001 0.012 0.290 0.692 
 260 P T   0.001 0.006 0.000 0.001 0.002 0.935 0.043 0.013 
 261 N T   0.001 0.004 0.000 0.003 0.000 0.928 0.051 0.013 
 262 C L   0.000 0.002 0.000 0.341 0.004 0.005 0.134 0.513 
 263 K E   0.000 0.000 0.000 0.935 0.007 0.000 0.007 0.050 
 264 A E   0.000 0.000 0.000 0.995 0.000 0.000 0.000 0.004 
 265 V E   0.000 0.000 0.000 0.991 0.000 0.000 0.000 0.008 
 266 D E   0.000 0.000 0.000 0.985 0.002 0.000 0.001 0.011 
 267 I E   0.001 0.001 0.000 0.803 0.006 0.003 0.011 0.176 
 268 G L   0.002 0.014 0.000 0.082 0.002 0.067 0.162 0.671 
 269 P L   0.007 0.024 0.000 0.026 0.013 0.091 0.262 0.578 
 270 G L   0.020 0.030 0.000 0.046 0.097 0.039 0.124 0.643 
 271 L L   0.065 0.045 0.000 0.031 0.046 0.183 0.167 0.462 
 272 N T   0.109 0.040 0.000 0.006 0.006 0.471 0.226 0.142 
 273 L T   0.191 0.033 0.000 0.003 0.006 0.408 0.096 0.263 
 274 L H   0.560 0.028 0.000 0.006 0.016 0.052 0.029 0.309 
 275 Q H   0.604 0.044 0.000 0.010 0.013 0.041 0.020 0.268 
 276 E H   0.616 0.058 0.000 0.008 0.004 0.214 0.031 0.069 
 277 D H   0.554 0.047 0.000 0.005 0.008 0.262 0.061 0.062 
 278 N L   0.070 0.002 0.000 0.001 0.002 0.005 0.086 0.835 
 279 P H   0.856 0.015 0.000 0.001 0.000 0.077 0.015 0.035 
 280 D H   0.915 0.013 0.000 0.002 0.001 0.046 0.012 0.012 
 281 L H   0.951 0.014 0.000 0.001 0.000 0.014 0.005 0.015 
 282 I H   0.985 0.002 0.000 0.000 0.000 0.004 0.001 0.007 
 283 G H   0.992 0.001 0.000 0.001 0.000 0.003 0.001 0.003 
 284 S H   0.994 0.001 0.000 0.000 0.000 0.001 0.000 0.004 
 285 E H   0.995 0.000 0.000 0.000 0.000 0.001 0.000 0.003 
 286 I H   0.995 0.000 0.000 0.000 0.000 0.002 0.000 0.002 
 287 A H   0.994 0.000 0.000 0.000 0.000 0.003 0.000 0.002 
 288 R H   0.993 0.001 0.000 0.000 0.000 0.003 0.000 0.002 
 289 W H   0.991 0.001 0.000 0.000 0.000 0.003 0.001 0.003 
 290 L H   0.977 0.002 0.000 0.000 0.000 0.010 0.002 0.009 
 291 S H   0.845 0.006 0.000 0.000 0.000 0.116 0.007 0.025 
 292 T H   0.634 0.011 0.000 0.001 0.000 0.249 0.013 0.092 
 293 L H   0.530 0.015 0.000 0.005 0.002 0.174 0.036 0.239 
 294 E H   0.482 0.015 0.000 0.021 0.005 0.086 0.018 0.374 
 295 I L   0.391 0.012 0.000 0.027 0.010 0.043 0.030 0.487 
 296 S L   0.099 0.008 0.000 0.008 0.002 0.082 0.042 0.758 
 297 G L   0.013 0.008 0.000 0.002 0.001 0.093 0.059 0.824 
 298 G L   0.004 0.009 0.000 0.002 0.002 0.023 0.059 0.901 
 299 S L   0.003 0.009 0.000 0.003 0.001 0.012 0.020 0.952 
 300 G L   0.003 0.009 0.000 0.002 0.001 0.018 0.032 0.934 
 301 T L   0.003 0.010 0.000 0.002 0.001 0.034 0.034 0.917 
 302 G L   0.004 0.011 0.000 0.003 0.002 0.035 0.053 0.893 
 303 S L   0.006 0.010 0.000 0.009 0.003 0.026 0.041 0.905 
 304 M L   0.011 0.014 0.000 0.038 0.012 0.030 0.047 0.848 
 305 D L   0.008 0.013 0.000 0.058 0.008 0.033 0.025 0.855 
 306 K L   0.011 0.020 0.000 0.094 0.010 0.107 0.065 0.693 
 307 D L   0.005 0.012 0.000 0.148 0.004 0.099 0.056 0.676 
 308 C L   0.002 0.006 0.000 0.362 0.005 0.009 0.024 0.592 
 309 E E   0.001 0.001 0.000 0.661 0.002 0.001 0.014 0.320 
 310 M E   0.000 0.000 0.000 0.883 0.001 0.001 0.004 0.111 
 311 K E   0.000 0.000 0.000 0.962 0.000 0.000 0.006 0.031 
 312 R E   0.000 0.000 0.000 0.983 0.000 0.000 0.002 0.014 
 313 T E   0.000 0.000 0.000 0.991 0.000 0.000 0.001 0.008 
 314 T E   0.000 0.000 0.000 0.991 0.000 0.000 0.000 0.008 
 315 L E   0.000 0.000 0.000 0.992 0.000 0.001 0.001 0.005 
 316 D E   0.000 0.000 0.000 0.897 0.003 0.002 0.014 0.084 
 317 S L   0.000 0.001 0.000 0.391 0.008 0.004 0.044 0.552 
 318 P T   0.001 0.007 0.000 0.008 0.001 0.716 0.244 0.023 
 319 L T   0.000 0.005 0.000 0.012 0.000 0.708 0.261 0.014 
 320 G E   0.001 0.003 0.000 0.754 0.014 0.009 0.084 0.136 
 321 K E   0.000 0.000 0.000 0.891 0.002 0.001 0.007 0.099 
 322 L E   0.000 0.000 0.000 0.990 0.000 0.000 0.001 0.008 
 323 E E   0.000 0.000 0.000 0.997 0.000 0.000 0.000 0.002 
 324 L E   0.000 0.000 0.000 0.996 0.000 0.000 0.000 0.003 
 325 S E   0.000 0.000 0.000 0.996 0.000 0.000 0.000 0.003 
 326 G E   0.000 0.000 0.000 0.985 0.000 0.000 0.001 0.013 
 327 C E   0.000 0.001 0.000 0.858 0.005 0.005 0.012 0.119 
 328 E T   0.001 0.007 0.000 0.015 0.001 0.698 0.264 0.015 
 329 Q T   0.000 0.005 0.000 0.007 0.000 0.721 0.255 0.011 
 330 G E   0.001 0.006 0.000 0.538 0.005 0.077 0.263 0.109 
 331 L E   0.000 0.000 0.000 0.944 0.003 0.003 0.007 0.042 
 332 H E   0.000 0.000 0.000 0.991 0.000 0.000 0.001 0.007 
 333 R E   0.000 0.000 0.000 0.996 0.000 0.000 0.000 0.003 
 334 I E   0.000 0.000 0.000 0.992 0.000 0.000 0.001 0.006 
 335 I E   0.001 0.000 0.000 0.985 0.000 0.001 0.001 0.013 
 336 F E   0.001 0.001 0.000 0.936 0.002 0.005 0.006 0.049 
 337 L L   0.001 0.004 0.000 0.371 0.004 0.032 0.067 0.521 
 338 G L   0.003 0.008 0.000 0.049 0.004 0.056 0.239 0.641 
 339 K L   0.007 0.015 0.000 0.011 0.007 0.160 0.253 0.547 
 340 G L   0.009 0.016 0.000 0.006 0.005 0.144 0.106 0.715 
 341 T L   0.024 0.023 0.000 0.009 0.018 0.030 0.132 0.763 
 342 S L   0.043 0.049 0.000 0.004 0.004 0.035 0.054 0.811 
 343 A L   0.301 0.250 0.000 0.006 0.003 0.064 0.031 0.344 
 344 A H   0.311 0.281 0.000 0.006 0.003 0.045 0.051 0.303 
 345 D L   0.304 0.297 0.000 0.006 0.003 0.019 0.041 0.331 
 346 A H   0.337 0.300 0.000 0.015 0.007 0.031 0.038 0.273 
 347 V L   0.264 0.243 0.000 0.019 0.010 0.066 0.064 0.333 
 348 E L   0.206 0.199 0.000 0.019 0.012 0.084 0.102 0.377 
 349 V L   0.007 0.005 0.000 0.006 0.004 0.009 0.437 0.532 
 350 P L   0.008 0.002 0.000 0.006 0.007 0.009 0.051 0.918 
 351 A L   0.033 0.009 0.000 0.002 0.003 0.022 0.031 0.901 
 352 P L   0.090 0.079 0.000 0.001 0.001 0.063 0.054 0.712 
 353 A G   0.298 0.341 0.000 0.004 0.001 0.049 0.032 0.275 
 354 A G   0.323 0.352 0.000 0.019 0.004 0.035 0.020 0.245 
 355 V G   0.310 0.320 0.000 0.038 0.013 0.048 0.037 0.234 
 356 L L   0.174 0.069 0.000 0.035 0.026 0.106 0.109 0.480 
 357 G L   0.016 0.007 0.000 0.011 0.011 0.123 0.167 0.665 
 358 G L   0.009 0.002 0.000 0.002 0.004 0.025 0.347 0.611 
 359 P L   0.025 0.004 0.000 0.002 0.007 0.011 0.191 0.759 
 360 E H   0.668 0.046 0.000 0.001 0.002 0.078 0.062 0.143 
 361 P H   0.790 0.053 0.000 0.001 0.001 0.088 0.023 0.043 
 362 L H   0.858 0.052 0.000 0.001 0.001 0.042 0.017 0.030 
 363 M H   0.966 0.007 0.000 0.000 0.000 0.007 0.005 0.015 
 364 Q H   0.989 0.001 0.000 0.000 0.000 0.003 0.002 0.005 
 365 A H   0.996 0.000 0.000 0.000 0.000 0.002 0.000 0.002 
 366 T H   0.998 0.000 0.000 0.000 0.000 0.001 0.000 0.001 
 367 A H   0.998 0.000 0.000 0.000 0.000 0.001 0.000 0.001 
 368 W H   0.997 0.000 0.000 0.000 0.000 0.001 0.000 0.001 
 369 L H   0.997 0.000 0.000 0.000 0.000 0.001 0.000 0.001 
 370 N H   0.995 0.000 0.000 0.000 0.000 0.002 0.000 0.002 
 371 A H   0.991 0.001 0.000 0.001 0.000 0.005 0.001 0.002 
 372 Y H   0.977 0.003 0.000 0.001 0.000 0.012 0.002 0.004 
 373 F H   0.869 0.003 0.000 0.002 0.001 0.071 0.019 0.034 
 374 H H   0.379 0.003 0.000 0.007 0.010 0.218 0.161 0.223 
 375 Q L   0.015 0.002 0.000 0.004 0.003 0.011 0.437 0.528 
 376 P L   0.061 0.026 0.000 0.008 0.009 0.039 0.061 0.796 
 377 E L   0.075 0.038 0.000 0.008 0.010 0.029 0.094 0.746 
 378 A L   0.115 0.055 0.000 0.019 0.009 0.012 0.052 0.739 
 379 I L   0.184 0.113 0.000 0.038 0.020 0.029 0.047 0.569 
 380 E L   0.155 0.104 0.000 0.032 0.014 0.044 0.047 0.604 
 381 E L   0.126 0.097 0.000 0.024 0.017 0.069 0.111 0.557 
 382 F L   0.005 0.004 0.000 0.012 0.007 0.012 0.395 0.565 
 383 P L   0.001 0.002 0.000 0.015 0.014 0.012 0.178 0.778 
 384 V L   0.002 0.007 0.000 0.019 0.032 0.007 0.190 0.744 
 385 P L   0.002 0.042 0.000 0.005 0.005 0.009 0.023 0.914 
 386 A L   0.011 0.136 0.000 0.006 0.008 0.082 0.105 0.652 
 387 L L   0.008 0.112 0.000 0.010 0.010 0.087 0.103 0.669 
 388 H L   0.005 0.072 0.000 0.013 0.017 0.034 0.273 0.586 
 389 H L   0.002 0.013 0.000 0.016 0.008 0.013 0.213 0.734 
 390 P L   0.007 0.023 0.000 0.049 0.030 0.026 0.034 0.831 
 391 V L   0.020 0.055 0.000 0.083 0.106 0.033 0.209 0.493 
 392 F L   0.020 0.066 0.000 0.062 0.074 0.051 0.109 0.618 
 393 Q T   0.016 0.062 0.000 0.008 0.004 0.489 0.122 0.299 
 394 Q T   0.006 0.034 0.000 0.002 0.004 0.508 0.253 0.193 
 395 E L   0.004 0.014 0.000 0.005 0.013 0.035 0.431 0.498 
 396 S L   0.014 0.001 0.000 0.002 0.015 0.010 0.207 0.750 
 397 F H   0.937 0.004 0.000 0.000 0.000 0.039 0.008 0.012 
 398 T H   0.969 0.002 0.000 0.000 0.000 0.020 0.002 0.006 
 399 R H   0.989 0.002 0.000 0.000 0.000 0.004 0.001 0.004 
 400 Q H   0.995 0.001 0.000 0.000 0.000 0.002 0.000 0.002 
 401 V H   0.998 0.000 0.000 0.000 0.000 0.001 0.000 0.000 
 402 L H   0.998 0.000 0.000 0.000 0.000 0.001 0.000 0.000 
 403 W H   0.998 0.000 0.000 0.000 0.000 0.001 0.000 0.001 
 404 K H   0.995 0.001 0.000 0.000 0.000 0.003 0.000 0.001 
 405 L H   0.989 0.004 0.000 0.000 0.000 0.005 0.000 0.001 
 406 L H   0.950 0.013 0.000 0.001 0.000 0.033 0.001 0.001 
 407 K T   0.415 0.012 0.000 0.000 0.000 0.564 0.005 0.003 
 408 V T   0.192 0.012 0.000 0.000 0.000 0.762 0.023 0.011 
 409 V S   0.005 0.002 0.000 0.003 0.008 0.003 0.516 0.464 
 410 K L   0.001 0.003 0.000 0.004 0.012 0.012 0.026 0.941 
 411 F T   0.002 0.007 0.000 0.008 0.005 0.890 0.067 0.021 
 412 G T   0.002 0.005 0.000 0.033 0.002 0.864 0.066 0.028 
 413 E L   0.001 0.003 0.000 0.373 0.014 0.005 0.027 0.577 
 414 V E   0.001 0.000 0.000 0.866 0.025 0.001 0.005 0.101 
 415 I E   0.000 0.000 0.000 0.866 0.015 0.001 0.006 0.113 
 416 S E   0.002 0.000 0.000 0.640 0.019 0.000 0.004 0.335 
 417 Y H   0.960 0.003 0.000 0.007 0.000 0.008 0.002 0.020 
 418 S H   0.990 0.003 0.000 0.000 0.000 0.005 0.001 0.001 
 419 H H   0.992 0.003 0.000 0.000 0.000 0.003 0.000 0.001 
 420 L H   0.998 0.001 0.000 0.000 0.000 0.001 0.000 0.000 
 421 A H   0.995 0.002 0.000 0.000 0.000 0.002 0.000 0.000 
 422 A H   0.991 0.004 0.000 0.000 0.000 0.004 0.000 0.000 
 423 L H   0.976 0.007 0.001 0.001 0.001 0.012 0.000 0.002 
 424 A H   0.623 0.006 0.001 0.000 0.000 0.365 0.004 0.001 
 425 G T   0.026 0.005 0.000 0.000 0.000 0.941 0.015 0.012 
 426 N L   0.000 0.001 0.000 0.001 0.003 0.008 0.448 0.538 
 427 P T   0.017 0.012 0.000 0.000 0.001 0.941 0.025 0.003 
 428 A T   0.026 0.008 0.000 0.000 0.001 0.936 0.017 0.012 
 429 A H   0.738 0.012 0.001 0.002 0.007 0.016 0.049 0.176 
 430 T H   0.952 0.005 0.000 0.000 0.001 0.008 0.007 0.027 
 431 A H   0.989 0.004 0.000 0.000 0.000 0.004 0.000 0.001 
 432 A H   0.996 0.002 0.000 0.000 0.000 0.000 0.000 0.001 
 433 V H   0.996 0.001 0.000 0.000 0.000 0.002 0.000 0.001 
 434 K H   0.995 0.001 0.000 0.000 0.000 0.003 0.000 0.000 
 435 T H   0.994 0.002 0.000 0.000 0.000 0.004 0.000 0.001 
 436 A H   0.988 0.003 0.000 0.001 0.000 0.007 0.001 0.001 
 437 L H   0.948 0.010 0.000 0.001 0.000 0.036 0.002 0.002 
 438 S H   0.675 0.010 0.000 0.000 0.000 0.297 0.010 0.006 
 439 G T   0.368 0.012 0.000 0.001 0.001 0.530 0.056 0.031 
 440 N L   0.003 0.003 0.000 0.003 0.007 0.011 0.379 0.595 
 441 P L   0.003 0.030 0.000 0.005 0.007 0.086 0.390 0.479 
 442 V S   0.015 0.132 0.000 0.025 0.023 0.113 0.481 0.210 
 443 P L   0.018 0.223 0.000 0.046 0.008 0.070 0.206 0.429 
 444 I L   0.035 0.226 0.000 0.198 0.014 0.099 0.199 0.228 
 445 L E   0.036 0.124 0.000 0.357 0.127 0.076 0.082 0.197 
 446 I L   0.003 0.015 0.000 0.298 0.023 0.009 0.293 0.359 
 447 P L   0.002 0.035 0.000 0.263 0.025 0.038 0.060 0.577 
 448 C G   0.008 0.372 0.000 0.308 0.013 0.051 0.102 0.146 
 449 H E   0.008 0.390 0.000 0.407 0.006 0.057 0.068 0.064 
 450 R E   0.005 0.340 0.000 0.513 0.011 0.019 0.020 0.091 
 451 V E   0.005 0.059 0.000 0.636 0.032 0.011 0.070 0.186 
 452 V E   0.003 0.008 0.000 0.597 0.072 0.014 0.068 0.237 
 453 Q L   0.000 0.003 0.000 0.149 0.009 0.013 0.107 0.718 
 454 G S   0.003 0.014 0.000 0.025 0.010 0.283 0.352 0.313 
 455 D T   0.001 0.015 0.000 0.009 0.007 0.354 0.279 0.333 
 456 L S   0.000 0.013 0.000 0.023 0.015 0.029 0.460 0.459 
 457 D L   0.001 0.007 0.000 0.057 0.042 0.007 0.123 0.764 
 458 V L   0.003 0.014 0.000 0.077 0.121 0.040 0.109 0.637 
 459 G L   0.003 0.021 0.000 0.038 0.025 0.162 0.245 0.505 
 460 G L   0.010 0.042 0.000 0.024 0.016 0.173 0.335 0.400 
 461 Y L   0.086 0.090 0.000 0.037 0.036 0.147 0.185 0.418 
 462 E L   0.168 0.117 0.000 0.032 0.021 0.252 0.077 0.334 
 463 G L   0.263 0.103 0.000 0.026 0.022 0.231 0.067 0.288 
 464 G H   0.527 0.041 0.001 0.016 0.034 0.050 0.054 0.278 
 465 L H   0.968 0.006 0.000 0.001 0.000 0.011 0.004 0.011 
 466 A H   0.981 0.003 0.000 0.000 0.000 0.007 0.002 0.007 
 467 V H   0.988 0.002 0.000 0.000 0.000 0.005 0.001 0.004 
 468 K H   0.993 0.001 0.000 0.000 0.000 0.003 0.000 0.002 
 469 E H   0.992 0.002 0.000 0.000 0.000 0.003 0.000 0.002 
 470 W H   0.992 0.002 0.000 0.000 0.000 0.004 0.000 0.002 
 471 L H   0.990 0.002 0.000 0.000 0.000 0.005 0.000 0.002 
 472 L H   0.982 0.003 0.000 0.001 0.000 0.010 0.001 0.002 
 473 A H   0.943 0.006 0.000 0.001 0.000 0.040 0.005 0.005 
 474 H H   0.760 0.012 0.000 0.002 0.001 0.177 0.014 0.035 
 475 E T   0.349 0.014 0.000 0.001 0.001 0.540 0.022 0.072 
 476 G T   0.033 0.012 0.000 0.001 0.001 0.715 0.021 0.217 
 477 H L   0.019 0.013 0.000 0.011 0.007 0.028 0.045 0.877 
 478 R L   0.027 0.017 0.000 0.028 0.029 0.026 0.029 0.844 
 479 L L   0.010 0.019 0.000 0.012 0.008 0.100 0.050 0.801 
 480 G L   0.003 0.025 0.000 0.002 0.002 0.116 0.078 0.774 
 481 K L   0.002 0.025 0.000 0.002 0.003 0.026 0.141 0.801 
 482 P L   0.002 0.021 0.000 0.004 0.004 0.015 0.031 0.924 
 483 G L   0.001 0.011 0.000 0.004 0.004 0.014 0.029 0.936 
 484 L L   0.001 0.003 0.000 0.004 0.005 0.007 0.001 0.979 
 485 G L   0.000 0.000 0.000 0.000 0.000 0.000 0.000 0.999 
